1.450000000000000000e+02 1.210000000000000000e+03
1.770000000000000000e+02 5.210000000000000000e+02
2.170000000000000000e+02 1.210000000000000000e+03
2.670000000000000000e+02 6.250000000000000000e+02
2.950000000000000000e+02 1.098000000000000000e+03
3.690000000000000000e+02 1.317000000000000000e+03
5.690000000000000000e+02 1.200000000000000000e+01
6.520000000000000000e+02 1.321000000000000000e+03
7.470000000000000000e+02 7.830000000000000000e+02
7.490000000000000000e+02 1.230000000000000000e+03
7.580000000000000000e+02 5.210000000000000000e+02
8.370000000000000000e+02 1.319000000000000000e+03
8.770000000000000000e+02 6.680000000000000000e+02
8.840000000000000000e+02 1.234000000000000000e+03
1.130000000000000000e+03 1.193000000000000000e+03
1.382000000000000000e+03 7.960000000000000000e+02
1.390000000000000000e+03 1.136000000000000000e+03
1.395000000000000000e+03 1.105000000000000000e+03
1.424000000000000000e+03 6.250000000000000000e+02
1.485000000000000000e+03 4.300000000000000000e+01
1.494000000000000000e+03 1.810000000000000000e+02
1.512000000000000000e+03 3.250000000000000000e+02
1.604000000000000000e+03 5.840000000000000000e+02
1.922000000000000000e+03 1.540000000000000000e+02
1.959000000000000000e+03 4.460000000000000000e+02
2.069000000000000000e+03 1.300000000000000000e+03
2.093000000000000000e+03 6.160000000000000000e+02
2.335000000000000000e+03 3.420000000000000000e+02
2.531000000000000000e+03 1.200000000000000000e+01
2.602000000000000000e+03 5.840000000000000000e+02
2.670000000000000000e+03 9.500000000000000000e+01
2.736000000000000000e+03 1.210000000000000000e+03
2.847000000000000000e+03 1.100000000000000000e+01
3.148000000000000000e+03 1.000000000000000000e+01
3.166000000000000000e+03 5.000000000000000000e+00
3.170000000000000000e+03 1.218000000000000000e+03
3.224000000000000000e+03 1.216000000000000000e+03
3.231000000000000000e+03 8.000000000000000000e+00
3.268000000000000000e+03 1.000000000000000000e+01
3.275000000000000000e+03 7.000000000000000000e+00
3.325000000000000000e+03 1.800000000000000000e+01
3.565000000000000000e+03 1.400000000000000000e+01
3.619000000000000000e+03 1.700000000000000000e+01
3.662000000000000000e+03 2.300000000000000000e+01
3.663000000000000000e+03 1.500000000000000000e+01
3.713000000000000000e+03 9.820000000000000000e+02
3.732000000000000000e+03 1.900000000000000000e+01
3.738000000000000000e+03 3.420000000000000000e+02
3.830000000000000000e+03 9.950000000000000000e+02
3.901000000000000000e+03 2.600000000000000000e+01
3.919000000000000000e+03 2.900000000000000000e+01
3.974000000000000000e+03 2.800000000000000000e+01
3.988000000000000000e+03 8.610000000000000000e+02
4.008000000000000000e+03 1.040000000000000000e+03
4.019000000000000000e+03 2.700000000000000000e+01
4.051000000000000000e+03 0.000000000000000000e+00
4.083000000000000000e+03 1.200000000000000000e+01
4.130000000000000000e+03 1.100000000000000000e+01
4.151000000000000000e+03 3.500000000000000000e+01
4.157000000000000000e+03 9.720000000000000000e+02
4.200000000000000000e+03 1.100000000000000000e+01
4.253000000000000000e+03 3.600000000000000000e+01
4.280000000000000000e+03 4.000000000000000000e+00
4.328000000000000000e+03 6.650000000000000000e+02
4.339000000000000000e+03 3.400000000000000000e+01
4.361000000000000000e+03 4.100000000000000000e+01
4.381000000000000000e+03 1.332000000000000000e+03
4.441000000000000000e+03 4.300000000000000000e+01
4.476000000000000000e+03 5.000000000000000000e+01
4.491000000000000000e+03 5.300000000000000000e+01
4.519000000000000000e+03 1.030000000000000000e+03
4.535000000000000000e+03 4.400000000000000000e+01
4.547000000000000000e+03 4.000000000000000000e+01
4.552000000000000000e+03 5.500000000000000000e+01
4.584000000000000000e+03 9.300000000000000000e+01
4.591000000000000000e+03 3.250000000000000000e+02
4.670000000000000000e+03 3.700000000000000000e+01
4.684000000000000000e+03 5.900000000000000000e+01
4.705000000000000000e+03 3.800000000000000000e+01
4.769000000000000000e+03 6.300000000000000000e+01
4.791000000000000000e+03 4.200000000000000000e+01
4.828000000000000000e+03 1.130000000000000000e+02
4.852000000000000000e+03 1.346000000000000000e+03
4.874000000000000000e+03 4.800000000000000000e+01
4.914000000000000000e+03 5.100000000000000000e+01
4.923000000000000000e+03 5.200000000000000000e+01
4.980000000000000000e+03 6.700000000000000000e+01
5.025000000000000000e+03 1.210000000000000000e+03
5.035000000000000000e+03 1.210000000000000000e+03
5.036000000000000000e+03 5.390000000000000000e+02
5.081000000000000000e+03 1.100000000000000000e+01
5.125000000000000000e+03 1.039000000000000000e+03
5.148000000000000000e+03 1.940000000000000000e+02
5.252000000000000000e+03 7.500000000000000000e+01
5.268000000000000000e+03 1.960000000000000000e+02
5.282000000000000000e+03 4.370000000000000000e+02
5.325000000000000000e+03 1.100000000000000000e+01
5.358000000000000000e+03 8.100000000000000000e+01
5.371000000000000000e+03 1.100000000000000000e+01
5.375000000000000000e+03 8.500000000000000000e+01
5.378000000000000000e+03 5.840000000000000000e+02
5.385000000000000000e+03 4.020000000000000000e+02
5.406000000000000000e+03 2.020000000000000000e+02
5.430000000000000000e+03 6.800000000000000000e+01
5.448000000000000000e+03 1.100000000000000000e+01
5.472000000000000000e+03 8.700000000000000000e+01
5.501000000000000000e+03 1.100000000000000000e+01
5.503000000000000000e+03 7.400000000000000000e+01
5.525000000000000000e+03 2.090000000000000000e+02
5.553000000000000000e+03 7.700000000000000000e+01
5.585000000000000000e+03 8.300000000000000000e+01
5.641000000000000000e+03 1.010000000000000000e+02
5.645000000000000000e+03 1.030000000000000000e+02
5.723000000000000000e+03 9.600000000000000000e+01
5.730000000000000000e+03 9.000000000000000000e+01
5.792000000000000000e+03 8.800000000000000000e+01
5.831000000000000000e+03 9.800000000000000000e+01
5.866000000000000000e+03 2.280000000000000000e+02
5.881000000000000000e+03 9.900000000000000000e+01
5.891000000000000000e+03 1.020000000000000000e+02
5.893000000000000000e+03 1.000000000000000000e+02
5.934000000000000000e+03 4.020000000000000000e+02
5.941000000000000000e+03 2.350000000000000000e+02
5.972000000000000000e+03 1.100000000000000000e+02
6.043000000000000000e+03 1.040000000000000000e+02
6.088000000000000000e+03 1.060000000000000000e+02
6.116000000000000000e+03 1.210000000000000000e+03
6.131000000000000000e+03 1.210000000000000000e+03
6.155000000000000000e+03 5.390000000000000000e+02
6.187000000000000000e+03 1.290000000000000000e+02
6.210000000000000000e+03 2.680000000000000000e+02
6.234000000000000000e+03 1.190000000000000000e+02
6.248000000000000000e+03 1.200000000000000000e+02
6.287000000000000000e+03 1.130000000000000000e+02
6.306000000000000000e+03 1.320000000000000000e+02
6.333000000000000000e+03 1.350000000000000000e+02
6.350000000000000000e+03 1.360000000000000000e+02
6.386000000000000000e+03 1.220000000000000000e+02
6.406000000000000000e+03 2.830000000000000000e+02
6.443000000000000000e+03 1.430000000000000000e+02
6.444000000000000000e+03 1.440000000000000000e+02
6.463000000000000000e+03 1.210000000000000000e+02
6.513000000000000000e+03 9.600000000000000000e+02
6.532000000000000000e+03 2.570000000000000000e+02
6.575000000000000000e+03 6.250000000000000000e+02
6.578000000000000000e+03 8.950000000000000000e+02
6.604000000000000000e+03 3.050000000000000000e+02
6.615000000000000000e+03 1.270000000000000000e+02
6.664000000000000000e+03 3.070000000000000000e+02
6.665000000000000000e+03 3.080000000000000000e+02
6.674000000000000000e+03 1.520000000000000000e+02
6.711000000000000000e+03 7.000000000000000000e+02
6.741000000000000000e+03 2.090000000000000000e+02
6.744000000000000000e+03 1.420000000000000000e+02
6.782000000000000000e+03 1.179000000000000000e+03
6.806000000000000000e+03 1.343000000000000000e+03
6.816000000000000000e+03 3.760000000000000000e+02
6.822000000000000000e+03 3.190000000000000000e+02
6.826000000000000000e+03 1.380000000000000000e+02
6.852000000000000000e+03 3.950000000000000000e+02
6.891000000000000000e+03 3.280000000000000000e+02
6.894000000000000000e+03 1.470000000000000000e+02
6.907000000000000000e+03 1.210000000000000000e+03
6.948000000000000000e+03 1.490000000000000000e+02
6.956000000000000000e+03 1.480000000000000000e+02
6.961000000000000000e+03 1.550000000000000000e+02
7.000000000000000000e+03 1.210000000000000000e+03
7.186000000000000000e+03 6.060000000000000000e+02
7.224000000000000000e+03 5.800000000000000000e+02
7.251000000000000000e+03 1.210000000000000000e+03
7.256000000000000000e+03 1.660000000000000000e+02
7.281000000000000000e+03 1.570000000000000000e+02
7.306000000000000000e+03 3.360000000000000000e+02
7.381000000000000000e+03 3.390000000000000000e+02
7.466000000000000000e+03 1.110000000000000000e+02
7.484000000000000000e+03 4.860000000000000000e+02
7.506000000000000000e+03 1.210000000000000000e+03
7.521000000000000000e+03 1.600000000000000000e+02
7.546000000000000000e+03 1.770000000000000000e+02
7.612000000000000000e+03 8.230000000000000000e+02
7.655000000000000000e+03 5.800000000000000000e+02
7.672000000000000000e+03 1.780000000000000000e+02
7.723000000000000000e+03 1.820000000000000000e+02
7.725000000000000000e+03 1.800000000000000000e+02
7.733000000000000000e+03 1.840000000000000000e+02
7.758000000000000000e+03 1.790000000000000000e+02
7.767000000000000000e+03 3.250000000000000000e+02
7.800000000000000000e+03 1.030000000000000000e+02
7.861000000000000000e+03 5.400000000000000000e+02
7.945000000000000000e+03 1.860000000000000000e+02
7.953000000000000000e+03 1.870000000000000000e+02
7.958000000000000000e+03 1.880000000000000000e+02
8.045000000000000000e+03 4.020000000000000000e+02
8.113000000000000000e+03 5.840000000000000000e+02
8.129000000000000000e+03 2.000000000000000000e+02
8.134000000000000000e+03 4.020000000000000000e+02
8.166000000000000000e+03 1.850000000000000000e+02
8.173000000000000000e+03 6.350000000000000000e+02
8.176000000000000000e+03 1.950000000000000000e+02
8.250000000000000000e+03 2.120000000000000000e+02
8.251000000000000000e+03 4.300000000000000000e+02
8.273000000000000000e+03 3.250000000000000000e+02
8.309000000000000000e+03 2.040000000000000000e+02
8.310000000000000000e+03 2.050000000000000000e+02
8.359000000000000000e+03 2.250000000000000000e+02
8.370000000000000000e+03 2.100000000000000000e+02
8.382000000000000000e+03 2.190000000000000000e+02
8.426000000000000000e+03 1.970000000000000000e+02
8.486000000000000000e+03 2.340000000000000000e+02
8.540000000000000000e+03 2.580000000000000000e+02
8.571000000000000000e+03 2.960000000000000000e+02
8.615000000000000000e+03 7.020000000000000000e+02
8.631000000000000000e+03 2.160000000000000000e+02
8.656000000000000000e+03 2.260000000000000000e+02
8.673000000000000000e+03 2.170000000000000000e+02
8.681000000000000000e+03 2.210000000000000000e+02
8.693000000000000000e+03 2.300000000000000000e+02
8.764000000000000000e+03 2.450000000000000000e+02
8.769000000000000000e+03 2.310000000000000000e+02
8.778000000000000000e+03 2.750000000000000000e+02
8.813000000000000000e+03 2.760000000000000000e+02
8.821000000000000000e+03 2.810000000000000000e+02
8.824000000000000000e+03 2.740000000000000000e+02
8.827000000000000000e+03 2.180000000000000000e+02
8.838000000000000000e+03 2.380000000000000000e+02
8.848000000000000000e+03 2.460000000000000000e+02
8.857000000000000000e+03 2.860000000000000000e+02
8.866000000000000000e+03 2.440000000000000000e+02
8.867000000000000000e+03 2.470000000000000000e+02
8.874000000000000000e+03 2.500000000000000000e+02
8.875000000000000000e+03 2.880000000000000000e+02
8.877000000000000000e+03 2.480000000000000000e+02
8.878000000000000000e+03 2.490000000000000000e+02
8.882000000000000000e+03 2.130000000000000000e+02
8.891000000000000000e+03 2.820000000000000000e+02
8.932000000000000000e+03 2.550000000000000000e+02
8.944000000000000000e+03 2.890000000000000000e+02
8.953000000000000000e+03 7.020000000000000000e+02
8.962000000000000000e+03 2.590000000000000000e+02
8.977000000000000000e+03 2.720000000000000000e+02
8.986000000000000000e+03 2.220000000000000000e+02
9.000000000000000000e+03 2.980000000000000000e+02
9.015000000000000000e+03 2.620000000000000000e+02
9.016000000000000000e+03 2.630000000000000000e+02
9.022000000000000000e+03 2.270000000000000000e+02
9.042000000000000000e+03 2.370000000000000000e+02
9.044000000000000000e+03 2.560000000000000000e+02
9.047000000000000000e+03 2.730000000000000000e+02
9.069000000000000000e+03 3.130000000000000000e+02
9.073000000000000000e+03 5.680000000000000000e+02
9.112000000000000000e+03 3.140000000000000000e+02
9.124000000000000000e+03 2.320000000000000000e+02
9.146000000000000000e+03 3.200000000000000000e+02
9.159000000000000000e+03 3.180000000000000000e+02
9.163000000000000000e+03 1.342000000000000000e+03
9.174000000000000000e+03 8.950000000000000000e+02
9.179000000000000000e+03 2.800000000000000000e+02
9.180000000000000000e+03 2.790000000000000000e+02
9.214000000000000000e+03 2.660000000000000000e+02
9.238000000000000000e+03 2.850000000000000000e+02
9.328000000000000000e+03 3.290000000000000000e+02
9.342000000000000000e+03 4.370000000000000000e+02
9.345000000000000000e+03 3.020000000000000000e+02
9.387000000000000000e+03 2.940000000000000000e+02
9.395000000000000000e+03 3.250000000000000000e+02
9.408000000000000000e+03 1.300000000000000000e+01
9.413000000000000000e+03 5.400000000000000000e+02
9.415000000000000000e+03 3.310000000000000000e+02
9.416000000000000000e+03 3.270000000000000000e+02
9.425000000000000000e+03 3.000000000000000000e+02
9.436000000000000000e+03 4.040000000000000000e+02
9.447000000000000000e+03 3.420000000000000000e+02
9.448000000000000000e+03 4.630000000000000000e+02
9.453000000000000000e+03 3.010000000000000000e+02
9.469000000000000000e+03 3.330000000000000000e+02
9.471000000000000000e+03 3.400000000000000000e+02
9.473000000000000000e+03 3.290000000000000000e+02
9.480000000000000000e+03 3.220000000000000000e+02
9.482000000000000000e+03 3.410000000000000000e+02
9.483000000000000000e+03 3.030000000000000000e+02
9.498000000000000000e+03 5.220000000000000000e+02
9.505000000000000000e+03 3.150000000000000000e+02
9.516000000000000000e+03 3.100000000000000000e+02
9.523000000000000000e+03 3.160000000000000000e+02
9.550000000000000000e+03 3.240000000000000000e+02
9.554000000000000000e+03 3.430000000000000000e+02
9.573000000000000000e+03 3.230000000000000000e+02
9.587000000000000000e+03 3.500000000000000000e+02
9.600000000000000000e+03 2.300000000000000000e+02
9.603000000000000000e+03 6.310000000000000000e+02
9.617000000000000000e+03 4.020000000000000000e+02
9.625000000000000000e+03 3.510000000000000000e+02
9.630000000000000000e+03 3.470000000000000000e+02
9.636000000000000000e+03 3.210000000000000000e+02
9.643000000000000000e+03 3.420000000000000000e+02
9.682000000000000000e+03 5.840000000000000000e+02
9.687000000000000000e+03 4.020000000000000000e+02
9.695000000000000000e+03 3.520000000000000000e+02
9.710000000000000000e+03 3.260000000000000000e+02
9.716000000000000000e+03 3.560000000000000000e+02
9.722000000000000000e+03 3.530000000000000000e+02
9.742000000000000000e+03 3.540000000000000000e+02
9.753000000000000000e+03 3.440000000000000000e+02
9.778000000000000000e+03 3.580000000000000000e+02
9.794000000000000000e+03 3.450000000000000000e+02
9.815000000000000000e+03 8.620000000000000000e+02
9.818000000000000000e+03 1.070000000000000000e+03
9.878000000000000000e+03 3.570000000000000000e+02
9.916000000000000000e+03 3.680000000000000000e+02
9.930000000000000000e+03 3.590000000000000000e+02
9.946000000000000000e+03 3.630000000000000000e+02
9.979000000000000000e+03 3.600000000000000000e+02
9.985000000000000000e+03 3.660000000000000000e+02
9.987000000000000000e+03 4.280000000000000000e+02
9.989000000000000000e+03 7.020000000000000000e+02
1.002500000000000000e+04 5.840000000000000000e+02
1.002900000000000000e+04 3.490000000000000000e+02
1.003600000000000000e+04 3.620000000000000000e+02
1.004000000000000000e+04 3.710000000000000000e+02
1.004600000000000000e+04 3.250000000000000000e+02
1.004700000000000000e+04 9.280000000000000000e+02
1.005500000000000000e+04 3.750000000000000000e+02
1.006400000000000000e+04 3.760000000000000000e+02
1.007000000000000000e+04 3.760000000000000000e+02
1.009000000000000000e+04 3.850000000000000000e+02
1.009600000000000000e+04 3.840000000000000000e+02
1.011600000000000000e+04 3.800000000000000000e+02
1.013300000000000000e+04 3.790000000000000000e+02
1.013600000000000000e+04 3.490000000000000000e+02
1.016600000000000000e+04 3.820000000000000000e+02
1.018900000000000000e+04 7.020000000000000000e+02
1.022000000000000000e+04 4.390000000000000000e+02
1.022400000000000000e+04 6.250000000000000000e+02
1.025600000000000000e+04 3.860000000000000000e+02
1.025800000000000000e+04 3.490000000000000000e+02
1.026400000000000000e+04 7.200000000000000000e+02
1.031400000000000000e+04 3.250000000000000000e+02
1.033100000000000000e+04 7.030000000000000000e+02
1.037400000000000000e+04 3.880000000000000000e+02
1.040200000000000000e+04 8.340000000000000000e+02
1.041300000000000000e+04 3.890000000000000000e+02
1.043100000000000000e+04 3.870000000000000000e+02
1.043500000000000000e+04 3.700000000000000000e+02
1.044100000000000000e+04 5.470000000000000000e+02
1.049900000000000000e+04 3.910000000000000000e+02
1.052600000000000000e+04 3.940000000000000000e+02
1.053700000000000000e+04 4.020000000000000000e+02
1.054000000000000000e+04 1.201000000000000000e+03
1.055300000000000000e+04 4.890000000000000000e+02
1.055400000000000000e+04 3.900000000000000000e+02
1.055500000000000000e+04 5.840000000000000000e+02
1.056500000000000000e+04 3.920000000000000000e+02
1.056800000000000000e+04 3.930000000000000000e+02
1.063500000000000000e+04 6.300000000000000000e+02
1.063600000000000000e+04 6.310000000000000000e+02
1.064700000000000000e+04 3.980000000000000000e+02
1.065000000000000000e+04 1.351000000000000000e+03
1.065300000000000000e+04 4.000000000000000000e+02
1.066500000000000000e+04 7.020000000000000000e+02
1.067000000000000000e+04 4.000000000000000000e+02
1.071800000000000000e+04 4.040000000000000000e+02
1.072500000000000000e+04 4.030000000000000000e+02
1.072800000000000000e+04 4.030000000000000000e+02
1.075100000000000000e+04 1.201000000000000000e+03
1.076200000000000000e+04 5.070000000000000000e+02
1.077600000000000000e+04 4.800000000000000000e+02
1.078100000000000000e+04 4.590000000000000000e+02
1.078900000000000000e+04 4.070000000000000000e+02
1.080000000000000000e+04 8.390000000000000000e+02
1.081300000000000000e+04 4.060000000000000000e+02
1.087000000000000000e+04 1.039000000000000000e+03
1.087100000000000000e+04 1.040000000000000000e+03
1.088000000000000000e+04 5.840000000000000000e+02
1.088300000000000000e+04 1.210000000000000000e+03
1.088800000000000000e+04 5.840000000000000000e+02
1.089700000000000000e+04 4.020000000000000000e+02
1.092600000000000000e+04 1.210000000000000000e+03
1.093400000000000000e+04 1.200000000000000000e+01
1.093700000000000000e+04 6.690000000000000000e+02
1.094200000000000000e+04 4.020000000000000000e+02
1.094800000000000000e+04 9.110000000000000000e+02
1.097000000000000000e+04 1.440000000000000000e+02
1.098200000000000000e+04 4.150000000000000000e+02
1.099400000000000000e+04 5.390000000000000000e+02
1.099500000000000000e+04 1.210000000000000000e+03
1.099600000000000000e+04 4.100000000000000000e+02
1.101300000000000000e+04 4.380000000000000000e+02
1.104200000000000000e+04 1.210000000000000000e+03
1.104400000000000000e+04 1.210000000000000000e+03
1.104800000000000000e+04 4.130000000000000000e+02
1.106100000000000000e+04 4.120000000000000000e+02
1.108100000000000000e+04 4.140000000000000000e+02
1.111400000000000000e+04 1.210000000000000000e+03
1.111600000000000000e+04 1.210000000000000000e+03
1.113100000000000000e+04 5.210000000000000000e+02
1.114900000000000000e+04 4.020000000000000000e+02
1.118100000000000000e+04 4.450000000000000000e+02
1.118900000000000000e+04 4.180000000000000000e+02
1.119900000000000000e+04 4.190000000000000000e+02
1.121800000000000000e+04 1.303000000000000000e+03
1.122800000000000000e+04 6.400000000000000000e+02
1.124200000000000000e+04 1.210000000000000000e+03
1.127200000000000000e+04 4.700000000000000000e+02
1.129300000000000000e+04 4.210000000000000000e+02
1.130100000000000000e+04 4.230000000000000000e+02
1.131800000000000000e+04 5.840000000000000000e+02
1.132000000000000000e+04 1.343000000000000000e+03
1.133600000000000000e+04 5.390000000000000000e+02
1.134000000000000000e+04 6.220000000000000000e+02
1.136900000000000000e+04 7.590000000000000000e+02
1.138100000000000000e+04 5.840000000000000000e+02
1.138500000000000000e+04 4.260000000000000000e+02
1.138700000000000000e+04 4.020000000000000000e+02
1.139700000000000000e+04 7.590000000000000000e+02
1.141000000000000000e+04 4.020000000000000000e+02
1.143300000000000000e+04 7.590000000000000000e+02
1.144200000000000000e+04 4.020000000000000000e+02
1.145300000000000000e+04 4.310000000000000000e+02
1.146900000000000000e+04 5.390000000000000000e+02
1.148600000000000000e+04 4.340000000000000000e+02
1.149400000000000000e+04 4.250000000000000000e+02
1.153000000000000000e+04 1.182000000000000000e+03
1.157600000000000000e+04 9.720000000000000000e+02
1.158100000000000000e+04 1.182000000000000000e+03
1.160800000000000000e+04 4.360000000000000000e+02
1.165600000000000000e+04 9.280000000000000000e+02
1.166300000000000000e+04 1.201000000000000000e+03
1.167000000000000000e+04 4.020000000000000000e+02
1.169400000000000000e+04 4.410000000000000000e+02
1.169600000000000000e+04 4.380000000000000000e+02
1.170300000000000000e+04 1.303000000000000000e+03
1.170500000000000000e+04 4.430000000000000000e+02
1.171800000000000000e+04 6.730000000000000000e+02
1.175700000000000000e+04 4.420000000000000000e+02
1.176700000000000000e+04 1.139000000000000000e+03
1.177200000000000000e+04 4.480000000000000000e+02
1.181300000000000000e+04 4.470000000000000000e+02
1.183500000000000000e+04 4.440000000000000000e+02
1.185000000000000000e+04 4.020000000000000000e+02
1.187100000000000000e+04 1.187000000000000000e+03
1.187200000000000000e+04 4.550000000000000000e+02
1.188900000000000000e+04 5.330000000000000000e+02
1.189400000000000000e+04 1.187000000000000000e+03
1.193200000000000000e+04 4.950000000000000000e+02
1.193300000000000000e+04 5.500000000000000000e+02
1.193900000000000000e+04 1.279000000000000000e+03
1.195300000000000000e+04 4.580000000000000000e+02
1.195900000000000000e+04 1.210000000000000000e+03
1.199600000000000000e+04 6.520000000000000000e+02
1.202100000000000000e+04 4.620000000000000000e+02
1.202200000000000000e+04 1.039000000000000000e+03
1.203100000000000000e+04 5.410000000000000000e+02
1.203600000000000000e+04 4.430000000000000000e+02
1.204800000000000000e+04 4.600000000000000000e+02
1.204900000000000000e+04 4.610000000000000000e+02
1.206500000000000000e+04 1.187000000000000000e+03
1.207000000000000000e+04 5.410000000000000000e+02
1.207500000000000000e+04 6.680000000000000000e+02
1.212400000000000000e+04 1.187000000000000000e+03
1.213500000000000000e+04 1.210000000000000000e+03
1.214500000000000000e+04 4.680000000000000000e+02
1.214600000000000000e+04 5.800000000000000000e+02
1.214800000000000000e+04 4.020000000000000000e+02
1.215800000000000000e+04 1.210000000000000000e+03
1.216400000000000000e+04 6.730000000000000000e+02
1.217900000000000000e+04 4.020000000000000000e+02
1.223400000000000000e+04 5.470000000000000000e+02
1.223800000000000000e+04 8.480000000000000000e+02
1.224100000000000000e+04 5.680000000000000000e+02
1.225900000000000000e+04 6.770000000000000000e+02
1.226400000000000000e+04 1.210000000000000000e+03
1.226600000000000000e+04 5.470000000000000000e+02
1.227400000000000000e+04 4.750000000000000000e+02
1.227600000000000000e+04 4.560000000000000000e+02
1.227800000000000000e+04 1.210000000000000000e+03
1.230700000000000000e+04 4.760000000000000000e+02
1.231500000000000000e+04 6.290000000000000000e+02
1.233200000000000000e+04 9.180000000000000000e+02
1.235600000000000000e+04 5.740000000000000000e+02
1.236000000000000000e+04 1.210000000000000000e+03
1.236100000000000000e+04 4.020000000000000000e+02
1.237100000000000000e+04 1.210000000000000000e+03
1.238200000000000000e+04 1.210000000000000000e+03
1.239300000000000000e+04 1.210000000000000000e+03
1.239700000000000000e+04 5.830000000000000000e+02
1.240500000000000000e+04 4.400000000000000000e+02
1.241700000000000000e+04 4.790000000000000000e+02
1.242100000000000000e+04 1.039000000000000000e+03
1.244300000000000000e+04 7.030000000000000000e+02
1.245600000000000000e+04 7.440000000000000000e+02
1.247500000000000000e+04 1.039000000000000000e+03
1.249700000000000000e+04 4.830000000000000000e+02
1.250100000000000000e+04 5.390000000000000000e+02
1.250300000000000000e+04 5.180000000000000000e+02
1.250500000000000000e+04 5.410000000000000000e+02
1.251300000000000000e+04 4.820000000000000000e+02
1.251400000000000000e+04 1.210000000000000000e+03
1.251700000000000000e+04 6.700000000000000000e+02
1.251900000000000000e+04 5.620000000000000000e+02
1.252000000000000000e+04 5.140000000000000000e+02
1.252600000000000000e+04 1.210000000000000000e+03
1.254600000000000000e+04 1.210000000000000000e+03
1.255600000000000000e+04 7.560000000000000000e+02
1.256100000000000000e+04 4.870000000000000000e+02
1.258500000000000000e+04 6.160000000000000000e+02
1.259100000000000000e+04 5.140000000000000000e+02
1.259300000000000000e+04 4.700000000000000000e+02
1.259600000000000000e+04 5.410000000000000000e+02
1.260400000000000000e+04 5.290000000000000000e+02
1.261200000000000000e+04 4.900000000000000000e+02
1.261300000000000000e+04 4.910000000000000000e+02
1.264800000000000000e+04 4.940000000000000000e+02
1.265500000000000000e+04 4.940000000000000000e+02
1.266300000000000000e+04 4.950000000000000000e+02
1.266900000000000000e+04 5.210000000000000000e+02
1.267100000000000000e+04 6.080000000000000000e+02
1.267700000000000000e+04 5.890000000000000000e+02
1.269200000000000000e+04 4.970000000000000000e+02
1.269300000000000000e+04 9.900000000000000000e+01
1.269500000000000000e+04 6.680000000000000000e+02
1.270400000000000000e+04 4.990000000000000000e+02
1.270500000000000000e+04 6.680000000000000000e+02
1.272600000000000000e+04 5.040000000000000000e+02
1.273500000000000000e+04 5.020000000000000000e+02
1.274700000000000000e+04 4.020000000000000000e+02
1.276900000000000000e+04 6.560000000000000000e+02
1.279300000000000000e+04 6.250000000000000000e+02
1.279500000000000000e+04 5.970000000000000000e+02
1.280800000000000000e+04 6.690000000000000000e+02
1.285000000000000000e+04 5.100000000000000000e+02
1.285100000000000000e+04 5.090000000000000000e+02
1.285800000000000000e+04 5.180000000000000000e+02
1.287600000000000000e+04 1.210000000000000000e+03
1.288400000000000000e+04 5.110000000000000000e+02
1.289200000000000000e+04 5.620000000000000000e+02
1.289400000000000000e+04 1.210000000000000000e+03
1.289700000000000000e+04 6.290000000000000000e+02
1.289900000000000000e+04 5.120000000000000000e+02
1.290100000000000000e+04 6.740000000000000000e+02
1.290300000000000000e+04 6.250000000000000000e+02
1.291700000000000000e+04 1.210000000000000000e+03
1.292100000000000000e+04 6.290000000000000000e+02
1.293200000000000000e+04 7.470000000000000000e+02
1.293300000000000000e+04 5.140000000000000000e+02
1.293500000000000000e+04 6.510000000000000000e+02
1.293900000000000000e+04 6.020000000000000000e+02
1.294600000000000000e+04 1.210000000000000000e+03
1.296300000000000000e+04 4.700000000000000000e+02
1.296600000000000000e+04 5.170000000000000000e+02
1.297000000000000000e+04 1.210000000000000000e+03
1.298200000000000000e+04 5.200000000000000000e+02
1.301100000000000000e+04 6.300000000000000000e+02
1.301200000000000000e+04 6.310000000000000000e+02
1.302500000000000000e+04 5.650000000000000000e+02
1.303800000000000000e+04 5.240000000000000000e+02
1.305400000000000000e+04 5.410000000000000000e+02
1.306900000000000000e+04 1.170000000000000000e+03
1.307000000000000000e+04 1.210000000000000000e+03
1.308400000000000000e+04 1.218000000000000000e+03
1.309000000000000000e+04 3.330000000000000000e+02
1.313600000000000000e+04 7.370000000000000000e+02
1.315600000000000000e+04 5.340000000000000000e+02
1.316700000000000000e+04 5.320000000000000000e+02
1.317100000000000000e+04 5.620000000000000000e+02
1.320000000000000000e+04 5.360000000000000000e+02
1.321400000000000000e+04 6.560000000000000000e+02
1.322000000000000000e+04 6.250000000000000000e+02
1.325700000000000000e+04 5.380000000000000000e+02
1.325900000000000000e+04 3.250000000000000000e+02
1.326800000000000000e+04 6.250000000000000000e+02
1.327100000000000000e+04 8.230000000000000000e+02
1.327800000000000000e+04 5.660000000000000000e+02
1.328700000000000000e+04 6.350000000000000000e+02
1.330400000000000000e+04 4.780000000000000000e+02
1.331400000000000000e+04 4.700000000000000000e+02
1.331700000000000000e+04 6.250000000000000000e+02
1.333000000000000000e+04 5.840000000000000000e+02
1.333800000000000000e+04 1.305000000000000000e+03
1.334300000000000000e+04 5.460000000000000000e+02
1.335600000000000000e+04 4.800000000000000000e+02
1.336000000000000000e+04 5.840000000000000000e+02
1.336500000000000000e+04 4.810000000000000000e+02
1.336900000000000000e+04 1.210000000000000000e+03
1.337200000000000000e+04 5.440000000000000000e+02
1.337300000000000000e+04 5.450000000000000000e+02
1.340700000000000000e+04 9.900000000000000000e+01
1.341000000000000000e+04 5.490000000000000000e+02
1.341600000000000000e+04 6.520000000000000000e+02
1.342300000000000000e+04 4.840000000000000000e+02
1.344200000000000000e+04 8.350000000000000000e+02
1.344300000000000000e+04 5.560000000000000000e+02
1.345200000000000000e+04 6.860000000000000000e+02
1.348000000000000000e+04 6.560000000000000000e+02
1.348200000000000000e+04 5.840000000000000000e+02
1.351200000000000000e+04 5.390000000000000000e+02
1.351500000000000000e+04 7.000000000000000000e+02
1.352400000000000000e+04 5.590000000000000000e+02
1.356000000000000000e+04 6.420000000000000000e+02
1.356900000000000000e+04 6.780000000000000000e+02
1.357900000000000000e+04 6.780000000000000000e+02
1.358100000000000000e+04 5.010000000000000000e+02
1.359300000000000000e+04 1.210000000000000000e+03
1.359700000000000000e+04 5.840000000000000000e+02
1.359800000000000000e+04 5.670000000000000000e+02
1.361400000000000000e+04 5.050000000000000000e+02
1.361600000000000000e+04 4.110000000000000000e+02
1.364500000000000000e+04 6.250000000000000000e+02
1.365900000000000000e+04 5.970000000000000000e+02
1.366800000000000000e+04 5.280000000000000000e+02
1.367700000000000000e+04 5.390000000000000000e+02
1.370500000000000000e+04 4.700000000000000000e+02
1.370700000000000000e+04 6.830000000000000000e+02
1.373000000000000000e+04 4.440000000000000000e+02
1.375200000000000000e+04 4.440000000000000000e+02
1.376000000000000000e+04 1.210000000000000000e+03
1.376400000000000000e+04 1.210000000000000000e+03
1.377000000000000000e+04 1.210000000000000000e+03
1.380600000000000000e+04 5.960000000000000000e+02
1.386600000000000000e+04 5.210000000000000000e+02
1.386900000000000000e+04 1.210000000000000000e+03
1.387200000000000000e+04 1.288000000000000000e+03
1.388200000000000000e+04 1.210000000000000000e+03
1.389700000000000000e+04 6.150000000000000000e+02
1.390300000000000000e+04 1.317000000000000000e+03
1.390800000000000000e+04 5.150000000000000000e+02
1.391200000000000000e+04 4.110000000000000000e+02
1.391300000000000000e+04 5.130000000000000000e+02
1.392000000000000000e+04 6.830000000000000000e+02
1.392500000000000000e+04 1.210000000000000000e+03
1.393900000000000000e+04 5.160000000000000000e+02
1.394700000000000000e+04 6.500000000000000000e+02
1.394900000000000000e+04 5.840000000000000000e+02
1.396600000000000000e+04 5.190000000000000000e+02
1.397300000000000000e+04 6.040000000000000000e+02
1.398100000000000000e+04 1.210000000000000000e+03
1.398800000000000000e+04 8.390000000000000000e+02
1.400800000000000000e+04 8.780000000000000000e+02
1.401000000000000000e+04 1.210000000000000000e+03
1.402400000000000000e+04 5.650000000000000000e+02
1.402800000000000000e+04 6.250000000000000000e+02
1.402900000000000000e+04 4.020000000000000000e+02
1.403900000000000000e+04 1.210000000000000000e+03
1.404100000000000000e+04 5.820000000000000000e+02
1.404300000000000000e+04 5.830000000000000000e+02
1.404400000000000000e+04 8.290000000000000000e+02
1.405300000000000000e+04 1.210000000000000000e+03
1.405800000000000000e+04 6.830000000000000000e+02
1.406800000000000000e+04 7.590000000000000000e+02
1.408500000000000000e+04 1.210000000000000000e+03
1.409200000000000000e+04 5.230000000000000000e+02
1.410100000000000000e+04 7.590000000000000000e+02
1.410400000000000000e+04 5.850000000000000000e+02
1.411300000000000000e+04 4.870000000000000000e+02
1.413000000000000000e+04 7.590000000000000000e+02
1.413800000000000000e+04 7.590000000000000000e+02
1.415600000000000000e+04 4.020000000000000000e+02
1.416000000000000000e+04 5.260000000000000000e+02
1.416500000000000000e+04 6.800000000000000000e+02
1.417400000000000000e+04 1.210000000000000000e+03
1.417800000000000000e+04 5.870000000000000000e+02
1.418300000000000000e+04 5.880000000000000000e+02
1.419700000000000000e+04 6.800000000000000000e+02
1.426000000000000000e+04 5.930000000000000000e+02
1.426400000000000000e+04 8.260000000000000000e+02
1.428500000000000000e+04 6.730000000000000000e+02
1.429300000000000000e+04 7.830000000000000000e+02
1.432400000000000000e+04 5.410000000000000000e+02
1.433500000000000000e+04 1.620000000000000000e+02
1.434900000000000000e+04 5.260000000000000000e+02
1.435500000000000000e+04 4.020000000000000000e+02
1.435800000000000000e+04 5.270000000000000000e+02
1.436400000000000000e+04 2.500000000000000000e+02
1.436800000000000000e+04 5.970000000000000000e+02
1.436900000000000000e+04 5.970000000000000000e+02
1.437300000000000000e+04 8.290000000000000000e+02
1.437500000000000000e+04 5.260000000000000000e+02
1.438500000000000000e+04 5.960000000000000000e+02
1.438700000000000000e+04 4.880000000000000000e+02
1.439800000000000000e+04 6.800000000000000000e+02
1.442000000000000000e+04 6.140000000000000000e+02
1.442100000000000000e+04 6.150000000000000000e+02
1.442900000000000000e+04 4.020000000000000000e+02
1.446800000000000000e+04 8.310000000000000000e+02
1.448400000000000000e+04 6.780000000000000000e+02
1.449100000000000000e+04 6.680000000000000000e+02
1.450000000000000000e+04 5.430000000000000000e+02
1.451200000000000000e+04 1.210000000000000000e+03
1.452900000000000000e+04 9.500000000000000000e+01
1.453500000000000000e+04 4.910000000000000000e+02
1.453600000000000000e+04 4.900000000000000000e+02
1.453800000000000000e+04 1.210000000000000000e+03
1.456000000000000000e+04 6.040000000000000000e+02
1.456900000000000000e+04 1.650000000000000000e+02
1.457500000000000000e+04 6.730000000000000000e+02
1.459700000000000000e+04 5.510000000000000000e+02
1.460100000000000000e+04 6.110000000000000000e+02
1.463000000000000000e+04 7.380000000000000000e+02
1.464200000000000000e+04 5.530000000000000000e+02
1.465700000000000000e+04 5.540000000000000000e+02
1.465800000000000000e+04 5.550000000000000000e+02
1.470300000000000000e+04 1.289000000000000000e+03
1.470600000000000000e+04 5.840000000000000000e+02
1.471500000000000000e+04 8.250000000000000000e+02
1.473500000000000000e+04 8.450000000000000000e+02
1.474300000000000000e+04 4.910000000000000000e+02
1.474600000000000000e+04 6.250000000000000000e+02
1.476700000000000000e+04 5.660000000000000000e+02
1.477700000000000000e+04 5.870000000000000000e+02
1.479500000000000000e+04 6.270000000000000000e+02
1.484300000000000000e+04 6.140000000000000000e+02
1.484400000000000000e+04 6.150000000000000000e+02
1.484800000000000000e+04 6.010000000000000000e+02
1.484900000000000000e+04 6.020000000000000000e+02
1.485300000000000000e+04 5.390000000000000000e+02
1.486400000000000000e+04 6.500000000000000000e+02
1.486500000000000000e+04 5.990000000000000000e+02
1.487700000000000000e+04 6.060000000000000000e+02
1.487800000000000000e+04 4.020000000000000000e+02
1.488000000000000000e+04 6.830000000000000000e+02
1.489300000000000000e+04 6.090000000000000000e+02
1.490400000000000000e+04 1.210000000000000000e+03
1.490500000000000000e+04 1.187000000000000000e+03
1.491400000000000000e+04 1.039000000000000000e+03
1.491900000000000000e+04 5.710000000000000000e+02
1.492200000000000000e+04 6.680000000000000000e+02
1.493900000000000000e+04 5.700000000000000000e+02
1.494000000000000000e+04 6.970000000000000000e+02
1.494600000000000000e+04 1.039000000000000000e+03
1.494700000000000000e+04 1.040000000000000000e+03
1.495500000000000000e+04 6.500000000000000000e+02
1.495600000000000000e+04 6.250000000000000000e+02
1.496500000000000000e+04 7.050000000000000000e+02
1.496900000000000000e+04 5.260000000000000000e+02
1.502000000000000000e+04 1.342000000000000000e+03
1.502200000000000000e+04 5.750000000000000000e+02
1.503700000000000000e+04 6.400000000000000000e+02
1.505800000000000000e+04 4.540000000000000000e+02
1.506600000000000000e+04 6.340000000000000000e+02
1.507100000000000000e+04 8.660000000000000000e+02
1.507400000000000000e+04 6.430000000000000000e+02
1.507700000000000000e+04 8.390000000000000000e+02
1.508200000000000000e+04 5.760000000000000000e+02
1.508300000000000000e+04 6.730000000000000000e+02
1.509700000000000000e+04 6.780000000000000000e+02
1.510000000000000000e+04 5.770000000000000000e+02
1.510100000000000000e+04 5.780000000000000000e+02
1.511700000000000000e+04 6.050000000000000000e+02
1.511800000000000000e+04 5.840000000000000000e+02
1.513200000000000000e+04 5.790000000000000000e+02
1.514500000000000000e+04 8.760000000000000000e+02
1.514800000000000000e+04 5.390000000000000000e+02
1.518700000000000000e+04 8.900000000000000000e+02
1.519600000000000000e+04 7.500000000000000000e+02
1.519700000000000000e+04 7.510000000000000000e+02
1.522400000000000000e+04 7.530000000000000000e+02
1.525300000000000000e+04 1.039000000000000000e+03
1.525400000000000000e+04 1.040000000000000000e+03
1.525500000000000000e+04 7.370000000000000000e+02
1.525600000000000000e+04 7.380000000000000000e+02
1.526000000000000000e+04 6.140000000000000000e+02
1.526100000000000000e+04 6.150000000000000000e+02
1.526500000000000000e+04 4.400000000000000000e+02
1.527200000000000000e+04 6.250000000000000000e+02
1.527500000000000000e+04 6.560000000000000000e+02
1.528000000000000000e+04 8.960000000000000000e+02
1.528500000000000000e+04 6.530000000000000000e+02
1.528600000000000000e+04 3.080000000000000000e+02
1.532000000000000000e+04 8.970000000000000000e+02
1.536200000000000000e+04 6.660000000000000000e+02
1.536300000000000000e+04 6.670000000000000000e+02
1.536700000000000000e+04 6.620000000000000000e+02
1.536800000000000000e+04 4.490000000000000000e+02
1.539100000000000000e+04 6.250000000000000000e+02
1.539800000000000000e+04 8.560000000000000000e+02
1.541200000000000000e+04 5.260000000000000000e+02
1.541600000000000000e+04 5.950000000000000000e+02
1.543200000000000000e+04 6.780000000000000000e+02
1.544100000000000000e+04 9.120000000000000000e+02
1.544500000000000000e+04 8.230000000000000000e+02
1.545400000000000000e+04 5.460000000000000000e+02
1.553200000000000000e+04 9.170000000000000000e+02
1.553900000000000000e+04 9.210000000000000000e+02
1.554600000000000000e+04 8.670000000000000000e+02
1.557400000000000000e+04 7.890000000000000000e+02
1.561300000000000000e+04 9.500000000000000000e+01
1.562400000000000000e+04 6.520000000000000000e+02
1.562800000000000000e+04 6.730000000000000000e+02
1.563000000000000000e+04 6.510000000000000000e+02
1.563400000000000000e+04 7.380000000000000000e+02
1.563800000000000000e+04 6.760000000000000000e+02
1.564100000000000000e+04 1.187000000000000000e+03
1.564500000000000000e+04 6.690000000000000000e+02
1.564800000000000000e+04 5.270000000000000000e+02
1.567200000000000000e+04 6.010000000000000000e+02
1.567900000000000000e+04 8.230000000000000000e+02
1.568000000000000000e+04 8.230000000000000000e+02
1.569800000000000000e+04 6.800000000000000000e+02
1.570600000000000000e+04 5.990000000000000000e+02
1.572000000000000000e+04 9.430000000000000000e+02
1.572700000000000000e+04 6.560000000000000000e+02
1.573900000000000000e+04 6.350000000000000000e+02
1.574600000000000000e+04 9.400000000000000000e+02
1.576100000000000000e+04 8.390000000000000000e+02
1.576200000000000000e+04 4.400000000000000000e+02
1.576800000000000000e+04 6.650000000000000000e+02
1.577600000000000000e+04 7.890000000000000000e+02
1.578300000000000000e+04 7.180000000000000000e+02
1.580000000000000000e+04 6.140000000000000000e+02
1.580100000000000000e+04 6.150000000000000000e+02
1.580300000000000000e+04 6.170000000000000000e+02
1.580400000000000000e+04 6.180000000000000000e+02
1.580800000000000000e+04 8.490000000000000000e+02
1.581300000000000000e+04 6.970000000000000000e+02
1.581700000000000000e+04 6.500000000000000000e+02
1.583300000000000000e+04 8.500000000000000000e+02
1.584800000000000000e+04 6.120000000000000000e+02
1.585000000000000000e+04 1.210000000000000000e+03
1.587100000000000000e+04 6.680000000000000000e+02
1.587400000000000000e+04 6.500000000000000000e+02
1.587700000000000000e+04 7.890000000000000000e+02
1.587900000000000000e+04 5.390000000000000000e+02
1.588600000000000000e+04 8.550000000000000000e+02
1.590300000000000000e+04 6.890000000000000000e+02
1.590600000000000000e+04 8.370000000000000000e+02
1.591000000000000000e+04 5.840000000000000000e+02
1.591300000000000000e+04 7.050000000000000000e+02
1.591700000000000000e+04 6.230000000000000000e+02
1.592900000000000000e+04 5.390000000000000000e+02
1.599900000000000000e+04 6.260000000000000000e+02
1.601900000000000000e+04 6.940000000000000000e+02
1.604500000000000000e+04 6.950000000000000000e+02
1.606500000000000000e+04 1.620000000000000000e+02
1.607700000000000000e+04 6.800000000000000000e+02
1.608900000000000000e+04 6.500000000000000000e+02
1.610300000000000000e+04 6.920000000000000000e+02
1.612100000000000000e+04 6.780000000000000000e+02
1.612900000000000000e+04 6.280000000000000000e+02
1.613200000000000000e+04 6.780000000000000000e+02
1.613800000000000000e+04 6.780000000000000000e+02
1.614400000000000000e+04 7.080000000000000000e+02
1.614700000000000000e+04 5.840000000000000000e+02
1.615900000000000000e+04 6.500000000000000000e+02
1.617600000000000000e+04 5.840000000000000000e+02
1.617800000000000000e+04 7.060000000000000000e+02
1.622300000000000000e+04 5.960000000000000000e+02
1.622500000000000000e+04 5.960000000000000000e+02
1.626400000000000000e+04 6.370000000000000000e+02
1.626500000000000000e+04 6.380000000000000000e+02
1.627200000000000000e+04 6.140000000000000000e+02
1.627300000000000000e+04 6.150000000000000000e+02
1.627400000000000000e+04 6.330000000000000000e+02
1.629500000000000000e+04 8.470000000000000000e+02
1.630400000000000000e+04 6.500000000000000000e+02
1.631000000000000000e+04 7.140000000000000000e+02
1.631100000000000000e+04 7.150000000000000000e+02
1.632700000000000000e+04 7.160000000000000000e+02
1.634500000000000000e+04 6.780000000000000000e+02
1.634700000000000000e+04 5.280000000000000000e+02
1.636100000000000000e+04 7.610000000000000000e+02
1.640000000000000000e+04 7.550000000000000000e+02
1.641800000000000000e+04 5.390000000000000000e+02
1.642900000000000000e+04 7.190000000000000000e+02
1.646900000000000000e+04 6.990000000000000000e+02
1.647500000000000000e+04 6.470000000000000000e+02
1.649100000000000000e+04 6.460000000000000000e+02
1.649900000000000000e+04 5.840000000000000000e+02
1.650700000000000000e+04 5.510000000000000000e+02
1.651700000000000000e+04 5.840000000000000000e+02
1.652100000000000000e+04 1.139000000000000000e+03
1.653500000000000000e+04 5.270000000000000000e+02
1.654800000000000000e+04 6.570000000000000000e+02
1.654900000000000000e+04 6.580000000000000000e+02
1.659400000000000000e+04 6.590000000000000000e+02
1.659600000000000000e+04 5.900000000000000000e+02
1.659900000000000000e+04 6.650000000000000000e+02
1.660200000000000000e+04 6.930000000000000000e+02
1.660400000000000000e+04 6.630000000000000000e+02
1.660500000000000000e+04 5.420000000000000000e+02
1.660600000000000000e+04 6.610000000000000000e+02
1.660700000000000000e+04 6.640000000000000000e+02
1.664500000000000000e+04 7.250000000000000000e+02
1.667300000000000000e+04 8.070000000000000000e+02
1.668800000000000000e+04 7.260000000000000000e+02
1.670500000000000000e+04 1.279000000000000000e+03
1.672900000000000000e+04 7.270000000000000000e+02
1.673000000000000000e+04 8.100000000000000000e+02
1.673500000000000000e+04 7.060000000000000000e+02
1.674300000000000000e+04 7.300000000000000000e+02
1.674400000000000000e+04 6.830000000000000000e+02
1.674700000000000000e+04 5.840000000000000000e+02
1.675600000000000000e+04 7.200000000000000000e+02
1.680200000000000000e+04 7.310000000000000000e+02
1.682500000000000000e+04 7.200000000000000000e+02
1.682600000000000000e+04 7.210000000000000000e+02
1.685600000000000000e+04 7.200000000000000000e+02
1.686300000000000000e+04 8.390000000000000000e+02
1.687700000000000000e+04 7.340000000000000000e+02
1.690700000000000000e+04 6.780000000000000000e+02
1.692700000000000000e+04 5.390000000000000000e+02
1.694800000000000000e+04 5.970000000000000000e+02
1.696300000000000000e+04 4.020000000000000000e+02
1.697900000000000000e+04 6.800000000000000000e+02
1.698900000000000000e+04 7.360000000000000000e+02
1.702200000000000000e+04 4.210000000000000000e+02
1.702400000000000000e+04 7.390000000000000000e+02
1.703300000000000000e+04 7.400000000000000000e+02
1.708000000000000000e+04 5.970000000000000000e+02
1.715200000000000000e+04 7.540000000000000000e+02
1.719700000000000000e+04 7.430000000000000000e+02
1.721800000000000000e+04 5.960000000000000000e+02
1.721900000000000000e+04 5.260000000000000000e+02
1.722400000000000000e+04 9.600000000000000000e+02
1.724800000000000000e+04 6.780000000000000000e+02
1.725500000000000000e+04 6.780000000000000000e+02
1.726200000000000000e+04 5.270000000000000000e+02
1.728300000000000000e+04 6.820000000000000000e+02
1.728500000000000000e+04 7.320000000000000000e+02
1.729200000000000000e+04 1.060000000000000000e+03
1.730100000000000000e+04 6.840000000000000000e+02
1.730300000000000000e+04 6.800000000000000000e+02
1.735700000000000000e+04 7.480000000000000000e+02
1.736100000000000000e+04 7.460000000000000000e+02
1.739500000000000000e+04 6.830000000000000000e+02
1.740200000000000000e+04 7.330000000000000000e+02
1.740400000000000000e+04 7.490000000000000000e+02
1.743300000000000000e+04 6.900000000000000000e+02
1.744000000000000000e+04 6.900000000000000000e+02
1.749100000000000000e+04 6.880000000000000000e+02
1.754300000000000000e+04 7.560000000000000000e+02
1.754700000000000000e+04 6.780000000000000000e+02
1.755300000000000000e+04 1.226000000000000000e+03
1.756800000000000000e+04 5.840000000000000000e+02
1.759200000000000000e+04 6.960000000000000000e+02
1.759300000000000000e+04 6.970000000000000000e+02
1.759400000000000000e+04 6.980000000000000000e+02
1.759900000000000000e+04 6.990000000000000000e+02
1.760000000000000000e+04 7.590000000000000000e+02
1.760400000000000000e+04 7.010000000000000000e+02
1.760500000000000000e+04 4.540000000000000000e+02
1.761800000000000000e+04 5.840000000000000000e+02
1.765400000000000000e+04 5.840000000000000000e+02
1.766300000000000000e+04 7.610000000000000000e+02
1.766900000000000000e+04 7.600000000000000000e+02
1.772300000000000000e+04 1.348000000000000000e+03
1.774800000000000000e+04 7.630000000000000000e+02
1.783700000000000000e+04 1.201000000000000000e+03
1.784700000000000000e+04 5.610000000000000000e+02
1.786200000000000000e+04 7.090000000000000000e+02
1.791100000000000000e+04 7.640000000000000000e+02
1.791800000000000000e+04 1.210000000000000000e+03
1.793600000000000000e+04 1.210000000000000000e+03
1.794500000000000000e+04 1.210000000000000000e+03
1.796300000000000000e+04 1.210000000000000000e+03
1.796700000000000000e+04 7.660000000000000000e+02
1.799100000000000000e+04 1.210000000000000000e+03
1.800900000000000000e+04 7.670000000000000000e+02
1.802300000000000000e+04 1.218000000000000000e+03
1.804000000000000000e+04 7.650000000000000000e+02
1.806700000000000000e+04 7.690000000000000000e+02
1.809500000000000000e+04 6.920000000000000000e+02
1.816300000000000000e+04 5.800000000000000000e+02
1.816500000000000000e+04 5.990000000000000000e+02
1.816900000000000000e+04 4.990000000000000000e+02
1.822900000000000000e+04 7.720000000000000000e+02
1.824400000000000000e+04 7.710000000000000000e+02
1.824600000000000000e+04 4.010000000000000000e+02
1.825900000000000000e+04 7.730000000000000000e+02
1.828400000000000000e+04 7.740000000000000000e+02
1.829200000000000000e+04 4.060000000000000000e+02
1.829300000000000000e+04 7.700000000000000000e+02
1.830100000000000000e+04 7.750000000000000000e+02
1.832700000000000000e+04 7.760000000000000000e+02
1.834300000000000000e+04 1.348000000000000000e+03
1.836500000000000000e+04 7.770000000000000000e+02
1.836600000000000000e+04 2.330000000000000000e+02
1.840300000000000000e+04 1.198000000000000000e+03
1.841200000000000000e+04 4.440000000000000000e+02
1.841900000000000000e+04 7.780000000000000000e+02
1.842000000000000000e+04 7.800000000000000000e+02
1.842300000000000000e+04 7.790000000000000000e+02
1.844500000000000000e+04 7.820000000000000000e+02
1.845900000000000000e+04 4.020000000000000000e+02
1.847700000000000000e+04 7.680000000000000000e+02
1.852700000000000000e+04 1.301000000000000000e+03
1.854000000000000000e+04 7.860000000000000000e+02
1.855200000000000000e+04 1.348000000000000000e+03
1.855500000000000000e+04 7.870000000000000000e+02
1.858400000000000000e+04 4.020000000000000000e+02
1.859300000000000000e+04 7.590000000000000000e+02
1.860400000000000000e+04 4.020000000000000000e+02
1.864700000000000000e+04 7.880000000000000000e+02
1.869100000000000000e+04 7.920000000000000000e+02
1.872700000000000000e+04 7.970000000000000000e+02
1.873700000000000000e+04 7.950000000000000000e+02
1.875400000000000000e+04 7.990000000000000000e+02
1.878000000000000000e+04 4.440000000000000000e+02
1.878600000000000000e+04 8.000000000000000000e+02
1.878800000000000000e+04 1.039000000000000000e+03
1.883700000000000000e+04 8.010000000000000000e+02
1.884200000000000000e+04 8.020000000000000000e+02
1.888500000000000000e+04 8.040000000000000000e+02
1.891300000000000000e+04 8.030000000000000000e+02
1.898500000000000000e+04 8.060000000000000000e+02
1.903100000000000000e+04 4.020000000000000000e+02
1.907100000000000000e+04 8.080000000000000000e+02
1.909100000000000000e+04 4.020000000000000000e+02
1.911900000000000000e+04 3.650000000000000000e+02
1.918300000000000000e+04 4.020000000000000000e+02
1.919000000000000000e+04 5.840000000000000000e+02
1.920800000000000000e+04 8.170000000000000000e+02
1.922700000000000000e+04 4.020000000000000000e+02
1.923300000000000000e+04 8.140000000000000000e+02
1.923500000000000000e+04 8.790000000000000000e+02
1.923600000000000000e+04 8.150000000000000000e+02
1.924300000000000000e+04 1.303000000000000000e+03
1.930800000000000000e+04 4.020000000000000000e+02
1.932300000000000000e+04 1.033000000000000000e+03
1.935500000000000000e+04 9.160000000000000000e+02
1.936300000000000000e+04 1.039000000000000000e+03
1.938300000000000000e+04 7.910000000000000000e+02
1.944600000000000000e+04 8.220000000000000000e+02
1.948200000000000000e+04 8.240000000000000000e+02
1.952700000000000000e+04 1.040000000000000000e+02
1.953500000000000000e+04 5.710000000000000000e+02
1.954300000000000000e+04 7.380000000000000000e+02
1.959000000000000000e+04 1.226000000000000000e+03
1.962600000000000000e+04 6.650000000000000000e+02
1.970700000000000000e+04 5.840000000000000000e+02
1.971200000000000000e+04 1.189000000000000000e+03
1.971400000000000000e+04 1.201000000000000000e+03
1.973000000000000000e+04 4.020000000000000000e+02
1.973900000000000000e+04 8.300000000000000000e+02
1.974000000000000000e+04 5.840000000000000000e+02
1.978900000000000000e+04 4.060000000000000000e+02
1.979200000000000000e+04 4.540000000000000000e+02
1.982000000000000000e+04 8.350000000000000000e+02
1.985000000000000000e+04 1.159000000000000000e+03
1.986400000000000000e+04 1.039000000000000000e+03
1.988900000000000000e+04 8.340000000000000000e+02
1.989900000000000000e+04 8.350000000000000000e+02
1.996000000000000000e+04 8.360000000000000000e+02
1.996300000000000000e+04 8.350000000000000000e+02
1.996600000000000000e+04 8.380000000000000000e+02
1.998500000000000000e+04 2.400000000000000000e+02
1.999200000000000000e+04 1.319000000000000000e+03
2.003800000000000000e+04 8.420000000000000000e+02
2.006000000000000000e+04 8.350000000000000000e+02
2.007100000000000000e+04 2.610000000000000000e+02
2.007900000000000000e+04 8.620000000000000000e+02
2.009100000000000000e+04 8.460000000000000000e+02
2.023400000000000000e+04 8.570000000000000000e+02
2.029700000000000000e+04 8.640000000000000000e+02
2.030200000000000000e+04 8.510000000000000000e+02
2.030700000000000000e+04 8.600000000000000000e+02
2.031400000000000000e+04 8.600000000000000000e+02
2.032500000000000000e+04 8.730000000000000000e+02
2.032700000000000000e+04 8.520000000000000000e+02
2.033100000000000000e+04 9.300000000000000000e+01
2.035300000000000000e+04 5.250000000000000000e+02
2.036300000000000000e+04 8.720000000000000000e+02
2.036800000000000000e+04 2.270000000000000000e+02
2.039000000000000000e+04 8.620000000000000000e+02
2.040000000000000000e+04 1.540000000000000000e+02
2.041500000000000000e+04 8.610000000000000000e+02
2.042100000000000000e+04 8.630000000000000000e+02
2.042200000000000000e+04 8.680000000000000000e+02
2.044100000000000000e+04 8.770000000000000000e+02
2.044200000000000000e+04 8.780000000000000000e+02
2.045000000000000000e+04 8.690000000000000000e+02
2.048000000000000000e+04 8.820000000000000000e+02
2.049200000000000000e+04 2.400000000000000000e+02
2.051200000000000000e+04 1.296000000000000000e+03
2.052700000000000000e+04 8.400000000000000000e+02
2.054300000000000000e+04 8.830000000000000000e+02
2.059500000000000000e+04 8.930000000000000000e+02
2.060400000000000000e+04 8.710000000000000000e+02
2.061100000000000000e+04 8.920000000000000000e+02
2.061700000000000000e+04 8.880000000000000000e+02
2.061800000000000000e+04 8.740000000000000000e+02
2.064500000000000000e+04 9.000000000000000000e+02
2.066500000000000000e+04 8.800000000000000000e+02
2.070900000000000000e+04 8.700000000000000000e+02
2.074500000000000000e+04 1.314000000000000000e+03
2.075100000000000000e+04 8.890000000000000000e+02
2.075500000000000000e+04 9.900000000000000000e+02
2.079100000000000000e+04 9.040000000000000000e+02
2.079500000000000000e+04 9.030000000000000000e+02
2.086400000000000000e+04 8.850000000000000000e+02
2.087400000000000000e+04 9.050000000000000000e+02
2.090500000000000000e+04 3.870000000000000000e+02
2.095100000000000000e+04 9.070000000000000000e+02
2.095500000000000000e+04 8.980000000000000000e+02
2.095600000000000000e+04 8.990000000000000000e+02
2.097800000000000000e+04 8.900000000000000000e+02
2.102300000000000000e+04 5.350000000000000000e+02
2.102800000000000000e+04 9.220000000000000000e+02
2.103100000000000000e+04 9.290000000000000000e+02
2.103200000000000000e+04 9.020000000000000000e+02
2.105000000000000000e+04 9.020000000000000000e+02
2.106500000000000000e+04 9.080000000000000000e+02
2.110600000000000000e+04 9.140000000000000000e+02
2.111100000000000000e+04 9.110000000000000000e+02
2.111400000000000000e+04 3.990000000000000000e+02
2.123900000000000000e+04 1.100000000000000000e+01
2.124800000000000000e+04 6.400000000000000000e+02
2.125000000000000000e+04 9.190000000000000000e+02
2.125100000000000000e+04 9.200000000000000000e+02
2.126200000000000000e+04 9.130000000000000000e+02
2.129600000000000000e+04 9.270000000000000000e+02
2.134200000000000000e+04 9.340000000000000000e+02
2.135300000000000000e+04 9.360000000000000000e+02
2.138600000000000000e+04 9.300000000000000000e+02
2.138700000000000000e+04 9.420000000000000000e+02
2.141300000000000000e+04 9.260000000000000000e+02
2.144400000000000000e+04 9.380000000000000000e+02
2.150000000000000000e+04 9.150000000000000000e+02
2.151500000000000000e+04 9.310000000000000000e+02
2.151600000000000000e+04 9.320000000000000000e+02
2.157900000000000000e+04 5.250000000000000000e+02
2.158100000000000000e+04 4.280000000000000000e+02
2.160500000000000000e+04 9.350000000000000000e+02
2.161300000000000000e+04 6.940000000000000000e+02
2.162900000000000000e+04 9.410000000000000000e+02
2.165500000000000000e+04 9.250000000000000000e+02
2.167000000000000000e+04 9.450000000000000000e+02
2.167300000000000000e+04 9.500000000000000000e+02
2.168800000000000000e+04 9.700000000000000000e+02
2.169400000000000000e+04 9.670000000000000000e+02
2.170300000000000000e+04 9.870000000000000000e+02
2.171400000000000000e+04 9.480000000000000000e+02
2.173300000000000000e+04 9.490000000000000000e+02
2.176200000000000000e+04 9.620000000000000000e+02
2.182800000000000000e+04 5.710000000000000000e+02
2.183600000000000000e+04 9.460000000000000000e+02
2.184400000000000000e+04 1.319000000000000000e+03
2.186300000000000000e+04 9.610000000000000000e+02
2.187600000000000000e+04 9.630000000000000000e+02
2.187900000000000000e+04 9.370000000000000000e+02
2.188600000000000000e+04 9.900000000000000000e+02
2.194400000000000000e+04 1.391000000000000000e+03
2.195300000000000000e+04 1.001000000000000000e+03
2.195900000000000000e+04 9.530000000000000000e+02
2.196000000000000000e+04 9.980000000000000000e+02
2.196200000000000000e+04 9.930000000000000000e+02
2.196500000000000000e+04 9.390000000000000000e+02
2.196800000000000000e+04 9.890000000000000000e+02
2.197500000000000000e+04 9.910000000000000000e+02
2.199700000000000000e+04 9.520000000000000000e+02
2.201600000000000000e+04 9.510000000000000000e+02
2.202800000000000000e+04 9.540000000000000000e+02
2.202900000000000000e+04 9.550000000000000000e+02
2.203800000000000000e+04 9.570000000000000000e+02
2.206000000000000000e+04 9.640000000000000000e+02
2.206600000000000000e+04 9.880000000000000000e+02
2.207500000000000000e+04 1.016000000000000000e+03
2.208000000000000000e+04 9.680000000000000000e+02
2.208400000000000000e+04 9.720000000000000000e+02
2.208700000000000000e+04 1.018000000000000000e+03
2.209800000000000000e+04 1.011000000000000000e+03
2.211300000000000000e+04 1.021000000000000000e+03
2.211400000000000000e+04 1.020000000000000000e+03
2.211600000000000000e+04 9.920000000000000000e+02
2.212300000000000000e+04 9.660000000000000000e+02
2.214000000000000000e+04 1.008000000000000000e+03
2.214200000000000000e+04 1.019000000000000000e+03
2.214800000000000000e+04 8.650000000000000000e+02
2.214900000000000000e+04 6.160000000000000000e+02
2.215500000000000000e+04 1.306000000000000000e+03
2.216000000000000000e+04 1.007000000000000000e+03
2.216400000000000000e+04 1.014000000000000000e+03
2.216500000000000000e+04 9.690000000000000000e+02
2.218000000000000000e+04 3.980000000000000000e+02
2.220100000000000000e+04 1.035000000000000000e+03
2.220700000000000000e+04 1.042000000000000000e+03
2.221100000000000000e+04 9.740000000000000000e+02
2.222500000000000000e+04 1.024000000000000000e+03
2.225000000000000000e+04 1.087000000000000000e+03
2.225300000000000000e+04 1.044000000000000000e+03
2.225400000000000000e+04 1.045000000000000000e+03
2.228300000000000000e+04 1.029000000000000000e+03
2.230100000000000000e+04 1.348000000000000000e+03
2.231200000000000000e+04 1.027000000000000000e+03
2.231400000000000000e+04 1.026000000000000000e+03
2.232500000000000000e+04 9.800000000000000000e+02
2.234600000000000000e+04 9.790000000000000000e+02
2.241700000000000000e+04 4.450000000000000000e+02
2.243300000000000000e+04 1.055000000000000000e+03
2.244200000000000000e+04 1.052000000000000000e+03
2.244900000000000000e+04 1.059000000000000000e+03
2.245900000000000000e+04 3.330000000000000000e+02
2.248000000000000000e+04 1.023000000000000000e+03
2.248700000000000000e+04 1.079000000000000000e+03
2.250500000000000000e+04 1.015000000000000000e+03
2.251700000000000000e+04 5.840000000000000000e+02
2.253300000000000000e+04 1.063000000000000000e+03
2.257400000000000000e+04 1.068000000000000000e+03
2.257900000000000000e+04 1.003000000000000000e+03
2.258200000000000000e+04 9.990000000000000000e+02
2.260300000000000000e+04 1.131000000000000000e+03
2.263600000000000000e+04 1.025000000000000000e+03
2.264700000000000000e+04 1.037000000000000000e+03
2.264800000000000000e+04 1.038000000000000000e+03
2.266800000000000000e+04 1.022000000000000000e+03
2.267000000000000000e+04 1.005000000000000000e+03
2.268800000000000000e+04 1.050000000000000000e+03
2.270700000000000000e+04 1.032000000000000000e+03
2.272300000000000000e+04 1.051000000000000000e+03
2.273200000000000000e+04 1.082000000000000000e+03
2.276300000000000000e+04 1.057000000000000000e+03
2.277900000000000000e+04 1.006000000000000000e+03
2.279700000000000000e+04 1.065000000000000000e+03
2.280800000000000000e+04 2.790000000000000000e+02
2.282100000000000000e+04 1.109000000000000000e+03
2.285900000000000000e+04 1.089000000000000000e+03
2.286500000000000000e+04 5.940000000000000000e+02
2.289000000000000000e+04 1.114000000000000000e+03
2.290100000000000000e+04 1.046000000000000000e+03
2.291700000000000000e+04 1.095000000000000000e+03
2.293200000000000000e+04 1.036000000000000000e+03
2.293600000000000000e+04 1.201000000000000000e+03
2.295300000000000000e+04 1.103000000000000000e+03
2.295800000000000000e+04 9.860000000000000000e+02
2.298000000000000000e+04 1.104000000000000000e+03
2.298200000000000000e+04 1.064000000000000000e+03
2.298400000000000000e+04 1.048000000000000000e+03
2.299100000000000000e+04 1.043000000000000000e+03
2.300300000000000000e+04 5.840000000000000000e+02
2.300900000000000000e+04 5.840000000000000000e+02
2.302800000000000000e+04 1.115000000000000000e+03
2.304600000000000000e+04 1.070000000000000000e+03
2.305200000000000000e+04 1.087000000000000000e+03
2.305800000000000000e+04 1.111000000000000000e+03
2.306500000000000000e+04 4.020000000000000000e+02
2.309200000000000000e+04 1.088000000000000000e+03
2.310200000000000000e+04 1.080000000000000000e+03
2.311900000000000000e+04 1.066000000000000000e+03
2.312600000000000000e+04 1.071000000000000000e+03
2.314200000000000000e+04 1.127000000000000000e+03
2.315700000000000000e+04 1.075000000000000000e+03
2.316500000000000000e+04 1.201000000000000000e+03
2.317100000000000000e+04 1.061000000000000000e+03
2.317500000000000000e+04 1.074000000000000000e+03
2.317900000000000000e+04 1.099000000000000000e+03
2.320900000000000000e+04 6.250000000000000000e+02
2.321800000000000000e+04 1.108000000000000000e+03
2.324400000000000000e+04 1.072000000000000000e+03
2.326200000000000000e+04 1.129000000000000000e+03
2.326300000000000000e+04 1.086000000000000000e+03
2.330600000000000000e+04 1.101000000000000000e+03
2.331400000000000000e+04 1.136000000000000000e+03
2.331900000000000000e+04 1.138000000000000000e+03
2.332200000000000000e+04 1.083000000000000000e+03
2.332500000000000000e+04 1.148000000000000000e+03
2.332600000000000000e+04 1.232000000000000000e+03
2.333400000000000000e+04 1.135000000000000000e+03
2.333600000000000000e+04 1.147000000000000000e+03
2.336600000000000000e+04 4.200000000000000000e+02
2.337100000000000000e+04 1.143000000000000000e+03
2.338100000000000000e+04 1.232000000000000000e+03
2.338400000000000000e+04 1.140000000000000000e+03
2.339400000000000000e+04 1.081000000000000000e+03
2.339600000000000000e+04 1.085000000000000000e+03
2.339800000000000000e+04 1.107000000000000000e+03
2.339900000000000000e+04 9.600000000000000000e+02
2.340100000000000000e+04 1.119000000000000000e+03
2.340800000000000000e+04 1.073000000000000000e+03
2.347200000000000000e+04 1.116000000000000000e+03
2.347900000000000000e+04 1.149000000000000000e+03
2.348200000000000000e+04 1.151000000000000000e+03
2.348800000000000000e+04 1.162000000000000000e+03
2.350300000000000000e+04 1.155000000000000000e+03
2.350400000000000000e+04 1.155000000000000000e+03
2.355100000000000000e+04 1.160000000000000000e+03
2.355200000000000000e+04 1.161000000000000000e+03
2.357200000000000000e+04 1.124000000000000000e+03
2.357500000000000000e+04 1.368000000000000000e+03
2.357700000000000000e+04 1.121000000000000000e+03
2.358300000000000000e+04 1.232000000000000000e+03
2.358400000000000000e+04 1.092000000000000000e+03
2.358500000000000000e+04 1.091000000000000000e+03
2.358900000000000000e+04 1.100000000000000000e+03
2.361100000000000000e+04 1.137000000000000000e+03
2.361900000000000000e+04 1.096000000000000000e+03
2.362000000000000000e+04 1.097000000000000000e+03
2.363300000000000000e+04 1.158000000000000000e+03
2.365200000000000000e+04 1.131000000000000000e+03
2.365700000000000000e+04 1.113000000000000000e+03
2.367100000000000000e+04 1.126000000000000000e+03
2.369600000000000000e+04 1.118000000000000000e+03
2.370700000000000000e+04 1.106000000000000000e+03
2.372300000000000000e+04 1.141000000000000000e+03
2.372600000000000000e+04 1.132000000000000000e+03
2.373100000000000000e+04 1.172000000000000000e+03
2.373800000000000000e+04 1.168000000000000000e+03
2.376400000000000000e+04 1.185000000000000000e+03
2.376500000000000000e+04 1.226000000000000000e+03
2.379100000000000000e+04 1.175000000000000000e+03
2.379500000000000000e+04 1.154000000000000000e+03
2.382600000000000000e+04 1.178000000000000000e+03
2.382700000000000000e+04 1.125000000000000000e+03
2.382800000000000000e+04 4.700000000000000000e+01
2.382900000000000000e+04 1.190000000000000000e+03
2.384600000000000000e+04 5.260000000000000000e+02
2.385100000000000000e+04 1.122000000000000000e+03
2.387400000000000000e+04 1.176000000000000000e+03
2.388500000000000000e+04 1.163000000000000000e+03
2.389200000000000000e+04 1.180000000000000000e+03
2.390500000000000000e+04 1.165000000000000000e+03
2.390600000000000000e+04 1.166000000000000000e+03
2.392400000000000000e+04 1.400000000000000000e+02
2.393700000000000000e+04 1.128000000000000000e+03
2.395700000000000000e+04 1.184000000000000000e+03
2.397200000000000000e+04 1.194000000000000000e+03
2.397300000000000000e+04 1.195000000000000000e+03
2.400600000000000000e+04 1.196000000000000000e+03
2.401700000000000000e+04 1.150000000000000000e+03
2.402300000000000000e+04 1.169000000000000000e+03
2.402600000000000000e+04 1.145000000000000000e+03
2.409000000000000000e+04 1.157000000000000000e+03
2.412100000000000000e+04 1.182000000000000000e+03
2.414300000000000000e+04 1.183000000000000000e+03
2.414800000000000000e+04 1.197000000000000000e+03
2.416400000000000000e+04 1.199000000000000000e+03
2.417400000000000000e+04 1.218000000000000000e+03
2.418200000000000000e+04 1.200000000000000000e+03
2.419400000000000000e+04 1.202000000000000000e+03
2.420900000000000000e+04 5.840000000000000000e+02
2.423900000000000000e+04 1.192000000000000000e+03
2.432000000000000000e+04 1.206000000000000000e+03
2.432600000000000000e+04 1.204000000000000000e+03
2.437800000000000000e+04 1.207000000000000000e+03
2.439000000000000000e+04 5.680000000000000000e+02
2.440800000000000000e+04 1.540000000000000000e+02
2.442200000000000000e+04 6.060000000000000000e+02
2.443200000000000000e+04 1.222000000000000000e+03
2.443400000000000000e+04 1.220000000000000000e+03
2.444000000000000000e+04 1.209000000000000000e+03
2.446700000000000000e+04 5.840000000000000000e+02
2.448000000000000000e+04 6.060000000000000000e+02
2.449600000000000000e+04 1.214000000000000000e+03
2.450500000000000000e+04 1.191000000000000000e+03
2.451600000000000000e+04 1.187000000000000000e+03
2.452300000000000000e+04 6.010000000000000000e+02
2.454700000000000000e+04 1.218000000000000000e+03
2.454800000000000000e+04 1.193000000000000000e+03
2.457700000000000000e+04 1.223000000000000000e+03
2.463000000000000000e+04 1.224000000000000000e+03
2.463200000000000000e+04 1.233000000000000000e+03
2.465300000000000000e+04 6.250000000000000000e+02
2.465700000000000000e+04 8.900000000000000000e+02
2.466100000000000000e+04 1.201000000000000000e+03
2.468000000000000000e+04 1.203000000000000000e+03
2.468400000000000000e+04 1.234000000000000000e+03
2.468600000000000000e+04 1.303000000000000000e+03
2.468900000000000000e+04 1.229000000000000000e+03
2.469400000000000000e+04 5.710000000000000000e+02
2.469900000000000000e+04 4.110000000000000000e+02
2.470700000000000000e+04 1.720000000000000000e+02
2.471100000000000000e+04 1.232000000000000000e+03
2.473300000000000000e+04 1.213000000000000000e+03
2.473700000000000000e+04 1.000000000000000000e+01
2.474300000000000000e+04 1.236000000000000000e+03
2.478000000000000000e+04 1.238000000000000000e+03
2.478400000000000000e+04 1.240000000000000000e+03
2.480100000000000000e+04 9.000000000000000000e+00
2.481800000000000000e+04 1.252000000000000000e+03
2.482000000000000000e+04 1.253000000000000000e+03
2.482500000000000000e+04 1.245000000000000000e+03
2.483600000000000000e+04 1.248000000000000000e+03
2.484400000000000000e+04 1.251000000000000000e+03
2.487400000000000000e+04 1.256000000000000000e+03
2.490200000000000000e+04 1.215000000000000000e+03
2.490300000000000000e+04 1.258000000000000000e+03
2.491500000000000000e+04 1.262000000000000000e+03
2.493100000000000000e+04 1.210000000000000000e+03
2.493700000000000000e+04 1.257000000000000000e+03
2.494600000000000000e+04 1.263000000000000000e+03
2.494700000000000000e+04 1.261000000000000000e+03
2.495900000000000000e+04 1.260000000000000000e+03
2.498700000000000000e+04 1.241000000000000000e+03
2.502100000000000000e+04 1.267000000000000000e+03
2.502600000000000000e+04 6.400000000000000000e+02
2.502700000000000000e+04 1.235000000000000000e+03
2.504100000000000000e+04 8.620000000000000000e+02
2.506400000000000000e+04 1.210000000000000000e+03
2.506600000000000000e+04 1.266000000000000000e+03
2.506700000000000000e+04 1.269000000000000000e+03
2.510300000000000000e+04 1.268000000000000000e+03
2.512800000000000000e+04 1.210000000000000000e+03
2.513100000000000000e+04 1.273000000000000000e+03
2.515400000000000000e+04 1.246000000000000000e+03
2.517400000000000000e+04 1.303000000000000000e+03
2.517600000000000000e+04 1.271000000000000000e+03
2.518100000000000000e+04 1.210000000000000000e+03
2.521500000000000000e+04 1.274000000000000000e+03
2.524700000000000000e+04 4.020000000000000000e+02
2.526100000000000000e+04 4.210000000000000000e+02
2.529600000000000000e+04 1.282000000000000000e+03
2.531100000000000000e+04 1.285000000000000000e+03
2.534000000000000000e+04 1.284000000000000000e+03
2.534900000000000000e+04 1.265000000000000000e+03
2.536100000000000000e+04 1.278000000000000000e+03
2.538500000000000000e+04 1.286000000000000000e+03
2.538900000000000000e+04 1.210000000000000000e+03
2.541900000000000000e+04 1.289000000000000000e+03
2.542600000000000000e+04 1.288000000000000000e+03
2.543000000000000000e+04 4.800000000000000000e+02
2.544600000000000000e+04 1.291000000000000000e+03
2.544800000000000000e+04 1.293000000000000000e+03
2.545900000000000000e+04 1.270000000000000000e+03
2.547400000000000000e+04 1.295000000000000000e+03
2.552000000000000000e+04 1.342000000000000000e+03
2.553400000000000000e+04 1.297000000000000000e+03
2.553500000000000000e+04 1.298000000000000000e+03
2.554600000000000000e+04 1.300000000000000000e+03
2.557900000000000000e+04 1.277000000000000000e+03
2.558800000000000000e+04 5.400000000000000000e+02
2.560500000000000000e+04 5.400000000000000000e+02
2.561400000000000000e+04 4.950000000000000000e+02
2.563800000000000000e+04 1.281000000000000000e+03
2.569600000000000000e+04 1.120000000000000000e+03
2.570800000000000000e+04 1.305000000000000000e+03
2.571600000000000000e+04 1.303000000000000000e+03
2.572600000000000000e+04 5.840000000000000000e+02
2.572700000000000000e+04 1.306000000000000000e+03
2.572900000000000000e+04 4.020000000000000000e+02
2.573800000000000000e+04 1.283000000000000000e+03
2.574300000000000000e+04 5.390000000000000000e+02
2.577300000000000000e+04 1.303000000000000000e+03
2.581200000000000000e+04 1.118000000000000000e+03
2.582200000000000000e+04 1.325000000000000000e+03
2.583700000000000000e+04 1.309000000000000000e+03
2.586000000000000000e+04 1.296000000000000000e+03
2.587500000000000000e+04 1.294000000000000000e+03
2.587900000000000000e+04 1.323000000000000000e+03
2.588700000000000000e+04 1.314000000000000000e+03
2.589600000000000000e+04 1.303000000000000000e+03
2.590600000000000000e+04 6.250000000000000000e+02
2.599300000000000000e+04 1.339000000000000000e+03
2.600100000000000000e+04 1.302000000000000000e+03
2.602900000000000000e+04 1.320000000000000000e+03
2.603500000000000000e+04 1.319000000000000000e+03
2.606600000000000000e+04 1.289000000000000000e+03
2.613500000000000000e+04 1.218000000000000000e+03
2.613600000000000000e+04 5.400000000000000000e+02
2.614600000000000000e+04 1.210000000000000000e+03
2.615500000000000000e+04 1.326000000000000000e+03
2.617200000000000000e+04 1.308000000000000000e+03
2.618200000000000000e+04 6.680000000000000000e+02
2.619700000000000000e+04 1.333000000000000000e+03
2.619900000000000000e+04 1.198000000000000000e+03
2.620000000000000000e+04 1.331000000000000000e+03
2.620600000000000000e+04 1.317000000000000000e+03
2.621100000000000000e+04 1.316000000000000000e+03
2.622600000000000000e+04 1.316000000000000000e+03
2.624100000000000000e+04 1.341000000000000000e+03
2.625500000000000000e+04 1.332000000000000000e+03
2.629700000000000000e+04 1.315000000000000000e+03
2.631100000000000000e+04 1.338000000000000000e+03
2.633300000000000000e+04 1.355000000000000000e+03
2.633400000000000000e+04 1.322000000000000000e+03
2.634200000000000000e+04 1.310000000000000000e+03
2.638300000000000000e+04 1.349000000000000000e+03
2.638500000000000000e+04 1.350000000000000000e+03
2.639000000000000000e+04 1.353000000000000000e+03
2.642800000000000000e+04 5.210000000000000000e+02
2.646000000000000000e+04 1.218000000000000000e+03
2.646700000000000000e+04 1.351000000000000000e+03
2.648700000000000000e+04 1.358000000000000000e+03
2.651000000000000000e+04 1.335000000000000000e+03
2.652100000000000000e+04 1.340000000000000000e+03
2.653200000000000000e+04 1.344000000000000000e+03
2.656100000000000000e+04 1.366000000000000000e+03
2.656800000000000000e+04 1.330000000000000000e+03
2.659300000000000000e+04 1.324000000000000000e+03
2.661700000000000000e+04 4.200000000000000000e+02
2.661900000000000000e+04 1.346000000000000000e+03
2.662400000000000000e+04 1.368000000000000000e+03
2.665700000000000000e+04 1.329000000000000000e+03
2.666200000000000000e+04 1.364000000000000000e+03
2.666700000000000000e+04 1.359000000000000000e+03
2.667300000000000000e+04 1.348000000000000000e+03
2.670700000000000000e+04 1.347000000000000000e+03
2.674100000000000000e+04 1.334000000000000000e+03
2.677200000000000000e+04 1.363000000000000000e+03
2.679700000000000000e+04 6.250000000000000000e+02
2.682700000000000000e+04 1.342000000000000000e+03
2.683000000000000000e+04 1.360000000000000000e+03
2.684000000000000000e+04 5.400000000000000000e+02
2.686800000000000000e+04 1.374000000000000000e+03
2.688500000000000000e+04 5.620000000000000000e+02
2.694200000000000000e+04 1.357000000000000000e+03
2.698200000000000000e+04 6.250000000000000000e+02
2.709600000000000000e+04 1.373000000000000000e+03
2.712700000000000000e+04 1.382000000000000000e+03
2.712800000000000000e+04 1.383000000000000000e+03
2.714700000000000000e+04 1.210000000000000000e+03
2.724600000000000000e+04 1.388000000000000000e+03
2.725800000000000000e+04 1.378000000000000000e+03
2.726000000000000000e+04 1.250000000000000000e+03
2.726800000000000000e+04 1.389000000000000000e+03
2.727900000000000000e+04 1.376000000000000000e+03
2.734300000000000000e+04 1.375000000000000000e+03
2.741300000000000000e+04 1.391000000000000000e+03
2.742200000000000000e+04 1.380000000000000000e+03
2.748700000000000000e+04 1.377000000000000000e+03
2.749900000000000000e+04 1.385000000000000000e+03
2.754700000000000000e+04 1.392000000000000000e+03
2.763800000000000000e+04 8.890000000000000000e+02
2.769800000000000000e+04 4.980000000000000000e+02
2.774600000000000000e+04 2.210000000000000000e+02
2.792000000000000000e+04 9.450000000000000000e+02
2.812900000000000000e+04 7.760000000000000000e+02
2.813700000000000000e+04 9.500000000000000000e+01
2.814500000000000000e+04 7.290000000000000000e+02
2.814800000000000000e+04 1.201000000000000000e+03
2.834000000000000000e+04 4.020000000000000000e+02
2.844900000000000000e+04 1.218000000000000000e+03
2.866400000000000000e+04 1.137000000000000000e+03
2.868200000000000000e+04 5.210000000000000000e+02
2.907600000000000000e+04 6.920000000000000000e+02
2.923400000000000000e+04 1.348000000000000000e+03
2.926400000000000000e+04 1.500000000000000000e+01
2.928700000000000000e+04 1.352000000000000000e+03
2.936200000000000000e+04 1.218000000000000000e+03
2.941800000000000000e+04 8.610000000000000000e+02
2.948100000000000000e+04 4.020000000000000000e+02
2.977800000000000000e+04 1.158000000000000000e+03
2.979500000000000000e+04 8.510000000000000000e+02
2.981200000000000000e+04 4.970000000000000000e+02
2.987300000000000000e+04 1.263000000000000000e+03
2.995700000000000000e+04 3.770000000000000000e+02
3.019600000000000000e+04 6.650000000000000000e+02
3.023500000000000000e+04 1.289000000000000000e+03
3.029800000000000000e+04 1.218000000000000000e+03
3.039300000000000000e+04 1.303000000000000000e+03
