9.500000000000000000e+01 7.170000000000000000e+02
1.010000000000000000e+02 1.020000000000000000e+02
1.190000000000000000e+02 9.500000000000000000e+01
1.220000000000000000e+02 9.590000000000000000e+02
1.250000000000000000e+02 1.000000000000000000e+02
1.680000000000000000e+02 8.600000000000000000e+01
1.870000000000000000e+02 1.120000000000000000e+02
2.910000000000000000e+02 1.040000000000000000e+02
4.090000000000000000e+02 1.140000000000000000e+02
4.240000000000000000e+02 6.310000000000000000e+02
4.290000000000000000e+02 7.010000000000000000e+02
4.480000000000000000e+02 1.050000000000000000e+02
4.620000000000000000e+02 1.110000000000000000e+02
4.700000000000000000e+02 9.890000000000000000e+02
5.040000000000000000e+02 6.680000000000000000e+02
5.090000000000000000e+02 4.200000000000000000e+01
5.560000000000000000e+02 1.720000000000000000e+02
5.630000000000000000e+02 1.190000000000000000e+02
5.660000000000000000e+02 1.200000000000000000e+02
6.920000000000000000e+02 1.240000000000000000e+02
7.080000000000000000e+02 8.670000000000000000e+02
7.380000000000000000e+02 6.520000000000000000e+02
7.430000000000000000e+02 1.320000000000000000e+02
7.540000000000000000e+02 6.310000000000000000e+02
7.670000000000000000e+02 1.180000000000000000e+02
7.920000000000000000e+02 1.350000000000000000e+02
7.970000000000000000e+02 1.370000000000000000e+02
8.450000000000000000e+02 1.250000000000000000e+02
8.490000000000000000e+02 1.400000000000000000e+02
8.960000000000000000e+02 1.260000000000000000e+02
9.110000000000000000e+02 1.430000000000000000e+02
9.120000000000000000e+02 1.440000000000000000e+02
9.210000000000000000e+02 8.010000000000000000e+02
9.790000000000000000e+02 1.280000000000000000e+02
1.016000000000000000e+03 1.200000000000000000e+01
1.021000000000000000e+03 1.300000000000000000e+02
1.062000000000000000e+03 1.340000000000000000e+02
1.097000000000000000e+03 6.250000000000000000e+02
1.123000000000000000e+03 1.400000000000000000e+02
1.136000000000000000e+03 1.420000000000000000e+02
1.199000000000000000e+03 1.520000000000000000e+02
1.207000000000000000e+03 1.200000000000000000e+03
1.218000000000000000e+03 1.380000000000000000e+02
1.278000000000000000e+03 1.560000000000000000e+02
1.323000000000000000e+03 1.050000000000000000e+02
1.334000000000000000e+03 1.470000000000000000e+02
1.367000000000000000e+03 3.900000000000000000e+02
1.368000000000000000e+03 1.490000000000000000e+02
1.369000000000000000e+03 1.550000000000000000e+02
1.389000000000000000e+03 1.480000000000000000e+02
1.390000000000000000e+03 1.460000000000000000e+02
1.392000000000000000e+03 1.258000000000000000e+03
1.414000000000000000e+03 2.010000000000000000e+02
1.492000000000000000e+03 1.137000000000000000e+03
1.500000000000000000e+03 1.540000000000000000e+02
1.501000000000000000e+03 1.530000000000000000e+02
1.502000000000000000e+03 1.540000000000000000e+02
1.517000000000000000e+03 1.610000000000000000e+02
1.541000000000000000e+03 4.110000000000000000e+02
1.657000000000000000e+03 1.630000000000000000e+02
1.683000000000000000e+03 1.640000000000000000e+02
1.716000000000000000e+03 1.620000000000000000e+02
1.756000000000000000e+03 3.300000000000000000e+01
1.763000000000000000e+03 1.590000000000000000e+02
1.764000000000000000e+03 1.570000000000000000e+02
1.800000000000000000e+03 5.840000000000000000e+02
1.824000000000000000e+03 1.900000000000000000e+02
1.830000000000000000e+03 1.940000000000000000e+02
1.837000000000000000e+03 1.670000000000000000e+02
1.856000000000000000e+03 1.660000000000000000e+02
1.881000000000000000e+03 3.990000000000000000e+02
1.885000000000000000e+03 1.186000000000000000e+03
1.891000000000000000e+03 1.186000000000000000e+03
1.892000000000000000e+03 3.970000000000000000e+02
1.914000000000000000e+03 6.650000000000000000e+02
1.952000000000000000e+03 1.710000000000000000e+02
1.960000000000000000e+03 1.209000000000000000e+03
1.979000000000000000e+03 1.600000000000000000e+02
1.986000000000000000e+03 2.010000000000000000e+02
2.012000000000000000e+03 2.020000000000000000e+02
2.066000000000000000e+03 1.750000000000000000e+02
2.074000000000000000e+03 2.060000000000000000e+02
2.078000000000000000e+03 4.020000000000000000e+02
2.142000000000000000e+03 2.110000000000000000e+02
2.145000000000000000e+03 1.400000000000000000e+02
2.179000000000000000e+03 1.770000000000000000e+02
2.184000000000000000e+03 8.500000000000000000e+02
2.186000000000000000e+03 3.990000000000000000e+02
2.187000000000000000e+03 8.500000000000000000e+02
2.200000000000000000e+03 1.760000000000000000e+02
2.241000000000000000e+03 1.700000000000000000e+02
2.254000000000000000e+03 5.390000000000000000e+02
2.288000000000000000e+03 1.780000000000000000e+02
2.336000000000000000e+03 1.800000000000000000e+02
2.337000000000000000e+03 1.810000000000000000e+02
2.339000000000000000e+03 1.318000000000000000e+03
2.343000000000000000e+03 1.720000000000000000e+02
2.352000000000000000e+03 1.074000000000000000e+03
2.358000000000000000e+03 3.990000000000000000e+02
2.359000000000000000e+03 1.790000000000000000e+02
2.371000000000000000e+03 3.970000000000000000e+02
2.376000000000000000e+03 3.990000000000000000e+02
2.398000000000000000e+03 1.730000000000000000e+02
2.412000000000000000e+03 3.990000000000000000e+02
2.414000000000000000e+03 2.280000000000000000e+02
2.421000000000000000e+03 1.720000000000000000e+02
2.423000000000000000e+03 1.209000000000000000e+03
2.426000000000000000e+03 2.290000000000000000e+02
2.444000000000000000e+03 7.580000000000000000e+02
2.470000000000000000e+03 2.350000000000000000e+02
2.499000000000000000e+03 4.020000000000000000e+02
2.510000000000000000e+03 5.840000000000000000e+02
2.530000000000000000e+03 2.420000000000000000e+02
2.539000000000000000e+03 1.620000000000000000e+02
2.549000000000000000e+03 1.860000000000000000e+02
2.574000000000000000e+03 1.870000000000000000e+02
2.581000000000000000e+03 1.880000000000000000e+02
2.615000000000000000e+03 1.209000000000000000e+03
2.634000000000000000e+03 1.980000000000000000e+02
2.640000000000000000e+03 2.400000000000000000e+02
2.660000000000000000e+03 1.830000000000000000e+02
2.696000000000000000e+03 4.020000000000000000e+02
2.699000000000000000e+03 1.850000000000000000e+02
2.712000000000000000e+03 2.070000000000000000e+02
2.723000000000000000e+03 1.950000000000000000e+02
2.725000000000000000e+03 1.200000000000000000e+03
2.736000000000000000e+03 2.700000000000000000e+02
2.759000000000000000e+03 7.320000000000000000e+02
2.773000000000000000e+03 2.000000000000000000e+02
2.779000000000000000e+03 2.030000000000000000e+02
2.782000000000000000e+03 9.130000000000000000e+02
2.790000000000000000e+03 2.700000000000000000e+02
2.804000000000000000e+03 1.136000000000000000e+03
2.812000000000000000e+03 9.670000000000000000e+02
2.816000000000000000e+03 3.750000000000000000e+02
2.821000000000000000e+03 1.990000000000000000e+02
2.879000000000000000e+03 2.050000000000000000e+02
2.903000000000000000e+03 8.610000000000000000e+02
2.917000000000000000e+03 4.280000000000000000e+02
2.921000000000000000e+03 2.120000000000000000e+02
3.002000000000000000e+03 2.960000000000000000e+02
3.058000000000000000e+03 2.200000000000000000e+02
3.063000000000000000e+03 3.050000000000000000e+02
3.083000000000000000e+03 2.190000000000000000e+02
3.109000000000000000e+03 3.070000000000000000e+02
3.177000000000000000e+03 2.230000000000000000e+02
3.180000000000000000e+03 2.150000000000000000e+02
3.187000000000000000e+03 2.340000000000000000e+02
3.196000000000000000e+03 2.210000000000000000e+02
3.198000000000000000e+03 3.190000000000000000e+02
3.226000000000000000e+03 2.160000000000000000e+02
3.249000000000000000e+03 2.260000000000000000e+02
3.260000000000000000e+03 1.378000000000000000e+03
3.277000000000000000e+03 2.170000000000000000e+02
3.301000000000000000e+03 2.780000000000000000e+02
3.331000000000000000e+03 2.520000000000000000e+02
3.338000000000000000e+03 2.580000000000000000e+02
3.344000000000000000e+03 3.280000000000000000e+02
3.376000000000000000e+03 2.450000000000000000e+02
3.387000000000000000e+03 2.580000000000000000e+02
3.394000000000000000e+03 2.310000000000000000e+02
3.424000000000000000e+03 2.180000000000000000e+02
3.450000000000000000e+03 1.304000000000000000e+03
3.458000000000000000e+03 2.380000000000000000e+02
3.467000000000000000e+03 2.460000000000000000e+02
3.468000000000000000e+03 2.360000000000000000e+02
3.478000000000000000e+03 2.470000000000000000e+02
3.497000000000000000e+03 2.540000000000000000e+02
3.504000000000000000e+03 2.440000000000000000e+02
3.517000000000000000e+03 2.480000000000000000e+02
3.518000000000000000e+03 2.490000000000000000e+02
3.524000000000000000e+03 2.500000000000000000e+02
3.538000000000000000e+03 2.330000000000000000e+02
3.547000000000000000e+03 2.530000000000000000e+02
3.550000000000000000e+03 2.870000000000000000e+02
3.562000000000000000e+03 2.550000000000000000e+02
3.579000000000000000e+03 2.770000000000000000e+02
3.580000000000000000e+03 2.760000000000000000e+02
3.582000000000000000e+03 2.810000000000000000e+02
3.591000000000000000e+03 2.740000000000000000e+02
3.608000000000000000e+03 2.410000000000000000e+02
3.615000000000000000e+03 2.860000000000000000e+02
3.624000000000000000e+03 2.720000000000000000e+02
3.639000000000000000e+03 2.590000000000000000e+02
3.643000000000000000e+03 3.360000000000000000e+02
3.648000000000000000e+03 2.820000000000000000e+02
3.665000000000000000e+03 2.270000000000000000e+02
3.683000000000000000e+03 2.620000000000000000e+02
3.713000000000000000e+03 3.390000000000000000e+02
3.718000000000000000e+03 2.890000000000000000e+02
3.726000000000000000e+03 2.560000000000000000e+02
3.742000000000000000e+03 2.730000000000000000e+02
3.756000000000000000e+03 1.200000000000000000e+03
3.762000000000000000e+03 2.670000000000000000e+02
3.781000000000000000e+03 2.320000000000000000e+02
3.795000000000000000e+03 2.970000000000000000e+02
3.803000000000000000e+03 3.130000000000000000e+02
3.812000000000000000e+03 7.400000000000000000e+01
3.824000000000000000e+03 1.167000000000000000e+03
3.862000000000000000e+03 3.200000000000000000e+02
3.887000000000000000e+03 2.790000000000000000e+02
3.888000000000000000e+03 2.800000000000000000e+02
3.910000000000000000e+03 2.900000000000000000e+02
3.911000000000000000e+03 3.040000000000000000e+02
3.912000000000000000e+03 2.660000000000000000e+02
3.916000000000000000e+03 3.110000000000000000e+02
3.922000000000000000e+03 2.640000000000000000e+02
3.932000000000000000e+03 3.140000000000000000e+02
3.972000000000000000e+03 2.850000000000000000e+02
3.990000000000000000e+03 3.180000000000000000e+02
3.998000000000000000e+03 5.070000000000000000e+02
4.037000000000000000e+03 5.800000000000000000e+02
4.046000000000000000e+03 2.930000000000000000e+02
4.094000000000000000e+03 3.300000000000000000e+02
4.108000000000000000e+03 3.020000000000000000e+02
4.127000000000000000e+03 3.290000000000000000e+02
4.173000000000000000e+03 2.940000000000000000e+02
4.176000000000000000e+03 3.120000000000000000e+02
4.179000000000000000e+03 3.250000000000000000e+02
4.202000000000000000e+03 3.270000000000000000e+02
4.203000000000000000e+03 3.000000000000000000e+02
4.206000000000000000e+03 3.090000000000000000e+02
4.207000000000000000e+03 3.650000000000000000e+02
4.241000000000000000e+03 3.170000000000000000e+02
4.261000000000000000e+03 3.030000000000000000e+02
4.263000000000000000e+03 3.060000000000000000e+02
4.269000000000000000e+03 3.330000000000000000e+02
4.274000000000000000e+03 3.290000000000000000e+02
4.300000000000000000e+03 3.150000000000000000e+02
4.305000000000000000e+03 3.400000000000000000e+02
4.322000000000000000e+03 3.410000000000000000e+02
4.326000000000000000e+03 3.100000000000000000e+02
4.336000000000000000e+03 3.160000000000000000e+02
4.344000000000000000e+03 3.950000000000000000e+02
4.405000000000000000e+03 4.630000000000000000e+02
4.408000000000000000e+03 7.880000000000000000e+02
4.411000000000000000e+03 3.430000000000000000e+02
4.444000000000000000e+03 3.230000000000000000e+02
4.455000000000000000e+03 3.500000000000000000e+02
4.470000000000000000e+03 3.210000000000000000e+02
4.508000000000000000e+03 3.260000000000000000e+02
4.510000000000000000e+03 3.420000000000000000e+02
4.516000000000000000e+03 3.510000000000000000e+02
4.521000000000000000e+03 3.470000000000000000e+02
4.541000000000000000e+03 3.950000000000000000e+02
4.549000000000000000e+03 3.520000000000000000e+02
4.556000000000000000e+03 3.370000000000000000e+02
4.577000000000000000e+03 3.560000000000000000e+02
4.609000000000000000e+03 3.350000000000000000e+02
4.627000000000000000e+03 3.540000000000000000e+02
4.647000000000000000e+03 3.440000000000000000e+02
4.657000000000000000e+03 3.580000000000000000e+02
4.672000000000000000e+03 3.450000000000000000e+02
4.691000000000000000e+03 1.335000000000000000e+03
4.713000000000000000e+03 9.710000000000000000e+02
4.734000000000000000e+03 3.480000000000000000e+02
4.750000000000000000e+03 3.950000000000000000e+02
4.751000000000000000e+03 4.770000000000000000e+02
4.760000000000000000e+03 3.640000000000000000e+02
4.766000000000000000e+03 3.670000000000000000e+02
4.782000000000000000e+03 3.570000000000000000e+02
4.791000000000000000e+03 7.880000000000000000e+02
4.811000000000000000e+03 3.680000000000000000e+02
4.833000000000000000e+03 3.590000000000000000e+02
4.846000000000000000e+03 3.490000000000000000e+02
4.864000000000000000e+03 3.550000000000000000e+02
4.879000000000000000e+03 3.660000000000000000e+02
4.881000000000000000e+03 3.600000000000000000e+02
4.883000000000000000e+03 3.730000000000000000e+02
4.895000000000000000e+03 7.000000000000000000e+02
4.929000000000000000e+03 3.460000000000000000e+02
4.930000000000000000e+03 4.460000000000000000e+02
4.941000000000000000e+03 3.710000000000000000e+02
4.963000000000000000e+03 3.760000000000000000e+02
4.965000000000000000e+03 3.750000000000000000e+02
4.971000000000000000e+03 3.490000000000000000e+02
4.999000000000000000e+03 3.620000000000000000e+02
5.018000000000000000e+03 3.850000000000000000e+02
5.025000000000000000e+03 3.800000000000000000e+02
5.029000000000000000e+03 3.770000000000000000e+02
5.032000000000000000e+03 8.640000000000000000e+02
5.044000000000000000e+03 3.460000000000000000e+02
5.078000000000000000e+03 3.820000000000000000e+02
5.091000000000000000e+03 3.490000000000000000e+02
5.111000000000000000e+03 6.690000000000000000e+02
5.140000000000000000e+03 3.860000000000000000e+02
5.143000000000000000e+03 7.200000000000000000e+02
5.155000000000000000e+03 4.630000000000000000e+02
5.160000000000000000e+03 3.420000000000000000e+02
5.251000000000000000e+03 3.880000000000000000e+02
5.262000000000000000e+03 3.700000000000000000e+02
5.310000000000000000e+03 3.890000000000000000e+02
5.317000000000000000e+03 6.650000000000000000e+02
5.335000000000000000e+03 3.780000000000000000e+02
5.338000000000000000e+03 4.160000000000000000e+02
5.350000000000000000e+03 3.870000000000000000e+02
5.369000000000000000e+03 3.910000000000000000e+02
5.398000000000000000e+03 3.940000000000000000e+02
5.465000000000000000e+03 4.300000000000000000e+02
5.469000000000000000e+03 3.920000000000000000e+02
5.493000000000000000e+03 3.970000000000000000e+02
5.499000000000000000e+03 1.209000000000000000e+03
5.512000000000000000e+03 3.980000000000000000e+02
5.529000000000000000e+03 8.220000000000000000e+02
5.542000000000000000e+03 3.990000000000000000e+02
5.580000000000000000e+03 8.220000000000000000e+02
5.624000000000000000e+03 5.390000000000000000e+02
5.625000000000000000e+03 1.209000000000000000e+03
5.628000000000000000e+03 4.030000000000000000e+02
5.652000000000000000e+03 4.020000000000000000e+02
5.659000000000000000e+03 4.540000000000000000e+02
5.680000000000000000e+03 4.050000000000000000e+02
5.684000000000000000e+03 7.580000000000000000e+02
5.689000000000000000e+03 4.380000000000000000e+02
5.706000000000000000e+03 1.209000000000000000e+03
5.731000000000000000e+03 4.060000000000000000e+02
5.788000000000000000e+03 4.370000000000000000e+02
5.872000000000000000e+03 4.150000000000000000e+02
5.882000000000000000e+03 4.100000000000000000e+02
5.896000000000000000e+03 4.590000000000000000e+02
5.907000000000000000e+03 6.650000000000000000e+02
5.916000000000000000e+03 6.690000000000000000e+02
5.923000000000000000e+03 4.130000000000000000e+02
5.953000000000000000e+03 4.140000000000000000e+02
5.966000000000000000e+03 1.302000000000000000e+03
5.989000000000000000e+03 5.840000000000000000e+02
5.999000000000000000e+03 4.210000000000000000e+02
6.034000000000000000e+03 4.180000000000000000e+02
6.042000000000000000e+03 4.190000000000000000e+02
6.045000000000000000e+03 5.470000000000000000e+02
6.053000000000000000e+03 4.250000000000000000e+02
6.063000000000000000e+03 7.580000000000000000e+02
6.121000000000000000e+03 4.220000000000000000e+02
6.130000000000000000e+03 4.230000000000000000e+02
6.131000000000000000e+03 4.240000000000000000e+02
6.153000000000000000e+03 5.400000000000000000e+02
6.154000000000000000e+03 4.270000000000000000e+02
6.167000000000000000e+03 5.400000000000000000e+02
6.194000000000000000e+03 6.650000000000000000e+02
6.195000000000000000e+03 4.540000000000000000e+02
6.204000000000000000e+03 4.860000000000000000e+02
6.230000000000000000e+03 4.880000000000000000e+02
6.233000000000000000e+03 4.290000000000000000e+02
6.247000000000000000e+03 6.730000000000000000e+02
6.248000000000000000e+03 6.160000000000000000e+02
6.255000000000000000e+03 4.640000000000000000e+02
6.260000000000000000e+03 4.650000000000000000e+02
6.272000000000000000e+03 5.460000000000000000e+02
6.274000000000000000e+03 8.880000000000000000e+02
6.288000000000000000e+03 9.040000000000000000e+02
6.292000000000000000e+03 4.380000000000000000e+02
6.299000000000000000e+03 4.310000000000000000e+02
6.300000000000000000e+03 9.040000000000000000e+02
6.326000000000000000e+03 4.390000000000000000e+02
6.331000000000000000e+03 4.340000000000000000e+02
6.333000000000000000e+03 4.330000000000000000e+02
6.375000000000000000e+03 1.700000000000000000e+02
6.434000000000000000e+03 9.040000000000000000e+02
6.437000000000000000e+03 5.400000000000000000e+02
6.439000000000000000e+03 4.360000000000000000e+02
6.453000000000000000e+03 4.450000000000000000e+02
6.464000000000000000e+03 4.400000000000000000e+02
6.495000000000000000e+03 3.950000000000000000e+02
6.510000000000000000e+03 8.010000000000000000e+02
6.524000000000000000e+03 6.730000000000000000e+02
6.533000000000000000e+03 4.690000000000000000e+02
6.576000000000000000e+03 4.410000000000000000e+02
6.589000000000000000e+03 5.180000000000000000e+02
6.600000000000000000e+03 6.310000000000000000e+02
6.621000000000000000e+03 4.460000000000000000e+02
6.625000000000000000e+03 4.420000000000000000e+02
6.630000000000000000e+03 1.880000000000000000e+02
6.633000000000000000e+03 4.700000000000000000e+02
6.650000000000000000e+03 4.430000000000000000e+02
6.663000000000000000e+03 4.480000000000000000e+02
6.667000000000000000e+03 5.390000000000000000e+02
6.680000000000000000e+03 4.470000000000000000e+02
6.710000000000000000e+03 4.490000000000000000e+02
6.731000000000000000e+03 4.520000000000000000e+02
6.732000000000000000e+03 4.510000000000000000e+02
6.743000000000000000e+03 4.550000000000000000e+02
6.751000000000000000e+03 4.530000000000000000e+02
6.760000000000000000e+03 6.290000000000000000e+02
6.761000000000000000e+03 4.560000000000000000e+02
6.767000000000000000e+03 5.680000000000000000e+02
6.783000000000000000e+03 4.400000000000000000e+02
6.786000000000000000e+03 4.890000000000000000e+02
6.798000000000000000e+03 4.950000000000000000e+02
6.801000000000000000e+03 4.580000000000000000e+02
6.824000000000000000e+03 4.590000000000000000e+02
6.846000000000000000e+03 5.800000000000000000e+01
6.855000000000000000e+03 4.620000000000000000e+02
6.856000000000000000e+03 4.600000000000000000e+02
6.857000000000000000e+03 4.610000000000000000e+02
6.871000000000000000e+03 1.209000000000000000e+03
6.884000000000000000e+03 1.209000000000000000e+03
6.891000000000000000e+03 1.880000000000000000e+02
6.902000000000000000e+03 4.560000000000000000e+02
6.912000000000000000e+03 5.180000000000000000e+02
6.916000000000000000e+03 7.050000000000000000e+02
6.918000000000000000e+03 6.200000000000000000e+02
6.926000000000000000e+03 6.730000000000000000e+02
6.941000000000000000e+03 4.680000000000000000e+02
6.956000000000000000e+03 6.620000000000000000e+02
6.964000000000000000e+03 1.209000000000000000e+03
6.981000000000000000e+03 5.070000000000000000e+02
6.983000000000000000e+03 4.730000000000000000e+02
6.984000000000000000e+03 4.740000000000000000e+02
6.986000000000000000e+03 8.470000000000000000e+02
6.992000000000000000e+03 4.710000000000000000e+02
7.005000000000000000e+03 1.209000000000000000e+03
7.085000000000000000e+03 4.560000000000000000e+02
7.098000000000000000e+03 4.400000000000000000e+02
7.112000000000000000e+03 4.760000000000000000e+02
7.121000000000000000e+03 4.020000000000000000e+02
7.153000000000000000e+03 3.990000000000000000e+02
7.170000000000000000e+03 8.890000000000000000e+02
7.180000000000000000e+03 6.290000000000000000e+02
7.182000000000000000e+03 7.030000000000000000e+02
7.184000000000000000e+03 3.330000000000000000e+02
7.210000000000000000e+03 4.790000000000000000e+02
7.233000000000000000e+03 4.020000000000000000e+02
7.234000000000000000e+03 5.220000000000000000e+02
7.275000000000000000e+03 1.217000000000000000e+03
7.296000000000000000e+03 4.780000000000000000e+02
7.300000000000000000e+03 1.200000000000000000e+03
7.325000000000000000e+03 4.820000000000000000e+02
7.328000000000000000e+03 6.730000000000000000e+02
7.335000000000000000e+03 5.650000000000000000e+02
7.336000000000000000e+03 4.830000000000000000e+02
7.348000000000000000e+03 4.800000000000000000e+02
7.364000000000000000e+03 4.060000000000000000e+02
7.368000000000000000e+03 4.810000000000000000e+02
7.376000000000000000e+03 8.550000000000000000e+02
7.389000000000000000e+03 1.186000000000000000e+03
7.418000000000000000e+03 4.900000000000000000e+02
7.419000000000000000e+03 4.910000000000000000e+02
7.420000000000000000e+03 4.840000000000000000e+02
7.421000000000000000e+03 4.670000000000000000e+02
7.450000000000000000e+03 6.650000000000000000e+02
7.453000000000000000e+03 4.870000000000000000e+02
7.458000000000000000e+03 6.650000000000000000e+02
7.461000000000000000e+03 6.400000000000000000e+02
7.477000000000000000e+03 4.940000000000000000e+02
7.493000000000000000e+03 4.960000000000000000e+02
7.496000000000000000e+03 4.950000000000000000e+02
7.498000000000000000e+03 1.209000000000000000e+03
7.504000000000000000e+03 5.180000000000000000e+02
7.507000000000000000e+03 7.020000000000000000e+02
7.519000000000000000e+03 4.970000000000000000e+02
7.520000000000000000e+03 4.990000000000000000e+02
7.535000000000000000e+03 5.220000000000000000e+02
7.542000000000000000e+03 5.670000000000000000e+02
7.549000000000000000e+03 5.020000000000000000e+02
7.561000000000000000e+03 4.920000000000000000e+02
7.579000000000000000e+03 6.680000000000000000e+02
7.591000000000000000e+03 5.030000000000000000e+02
7.605000000000000000e+03 5.040000000000000000e+02
7.612000000000000000e+03 4.760000000000000000e+02
7.619000000000000000e+03 5.000000000000000000e+02
7.630000000000000000e+03 1.217000000000000000e+03
7.641000000000000000e+03 5.080000000000000000e+02
7.645000000000000000e+03 5.010000000000000000e+02
7.665000000000000000e+03 5.050000000000000000e+02
7.701000000000000000e+03 6.500000000000000000e+02
7.709000000000000000e+03 8.380000000000000000e+02
7.711000000000000000e+03 5.100000000000000000e+02
7.719000000000000000e+03 6.290000000000000000e+02
7.758000000000000000e+03 5.110000000000000000e+02
7.777000000000000000e+03 4.480000000000000000e+02
7.786000000000000000e+03 5.120000000000000000e+02
7.799000000000000000e+03 6.730000000000000000e+02
7.802000000000000000e+03 5.060000000000000000e+02
7.829000000000000000e+03 1.186000000000000000e+03
7.839000000000000000e+03 5.140000000000000000e+02
7.846000000000000000e+03 6.830000000000000000e+02
7.903000000000000000e+03 5.500000000000000000e+02
7.907000000000000000e+03 5.170000000000000000e+02
7.921000000000000000e+03 5.470000000000000000e+02
7.928000000000000000e+03 6.560000000000000000e+02
7.930000000000000000e+03 5.180000000000000000e+02
7.934000000000000000e+03 5.200000000000000000e+02
7.950000000000000000e+03 4.400000000000000000e+02
7.951000000000000000e+03 6.500000000000000000e+02
7.954000000000000000e+03 5.150000000000000000e+02
7.970000000000000000e+03 5.470000000000000000e+02
7.972000000000000000e+03 5.130000000000000000e+02
7.978000000000000000e+03 5.420000000000000000e+02
7.983000000000000000e+03 6.500000000000000000e+02
7.988000000000000000e+03 5.160000000000000000e+02
8.002000000000000000e+03 5.240000000000000000e+02
8.007000000000000000e+03 6.680000000000000000e+02
8.023000000000000000e+03 5.580000000000000000e+02
8.028000000000000000e+03 6.500000000000000000e+02
8.042000000000000000e+03 5.650000000000000000e+02
8.070000000000000000e+03 4.870000000000000000e+02
8.075000000000000000e+03 5.570000000000000000e+02
8.077000000000000000e+03 5.710000000000000000e+02
8.094000000000000000e+03 6.830000000000000000e+02
8.132000000000000000e+03 4.020000000000000000e+02
8.133000000000000000e+03 8.010000000000000000e+02
8.141000000000000000e+03 5.290000000000000000e+02
8.153000000000000000e+03 5.410000000000000000e+02
8.176000000000000000e+03 5.680000000000000000e+02
8.177000000000000000e+03 5.670000000000000000e+02
8.188000000000000000e+03 5.620000000000000000e+02
8.190000000000000000e+03 7.190000000000000000e+02
8.191000000000000000e+03 7.200000000000000000e+02
8.197000000000000000e+03 1.209000000000000000e+03
8.203000000000000000e+03 5.680000000000000000e+02
8.216000000000000000e+03 5.260000000000000000e+02
8.221000000000000000e+03 5.340000000000000000e+02
8.223000000000000000e+03 5.320000000000000000e+02
8.238000000000000000e+03 5.260000000000000000e+02
8.244000000000000000e+03 5.270000000000000000e+02
8.251000000000000000e+03 6.510000000000000000e+02
8.252000000000000000e+03 6.520000000000000000e+02
8.254000000000000000e+03 5.280000000000000000e+02
8.257000000000000000e+03 5.690000000000000000e+02
8.259000000000000000e+03 7.190000000000000000e+02
8.260000000000000000e+03 7.200000000000000000e+02
8.267000000000000000e+03 6.500000000000000000e+02
8.277000000000000000e+03 1.209000000000000000e+03
8.280000000000000000e+03 5.360000000000000000e+02
8.284000000000000000e+03 6.800000000000000000e+02
8.340000000000000000e+03 5.990000000000000000e+02
8.351000000000000000e+03 9.900000000000000000e+01
8.369000000000000000e+03 7.880000000000000000e+02
8.404000000000000000e+03 5.740000000000000000e+02
8.436000000000000000e+03 4.700000000000000000e+02
8.437000000000000000e+03 5.310000000000000000e+02
8.453000000000000000e+03 5.380000000000000000e+02
8.470000000000000000e+03 5.370000000000000000e+02
8.475000000000000000e+03 3.780000000000000000e+02
8.489000000000000000e+03 6.160000000000000000e+02
8.498000000000000000e+03 5.180000000000000000e+02
8.518000000000000000e+03 1.209000000000000000e+03
8.524000000000000000e+03 5.400000000000000000e+02
8.525000000000000000e+03 5.280000000000000000e+02
8.534000000000000000e+03 6.680000000000000000e+02
8.549000000000000000e+03 6.390000000000000000e+02
8.552000000000000000e+03 5.990000000000000000e+02
8.563000000000000000e+03 5.810000000000000000e+02
8.564000000000000000e+03 6.780000000000000000e+02
8.578000000000000000e+03 5.390000000000000000e+02
8.582000000000000000e+03 1.292000000000000000e+03
8.601000000000000000e+03 7.050000000000000000e+02
8.623000000000000000e+03 5.440000000000000000e+02
8.624000000000000000e+03 5.450000000000000000e+02
8.629000000000000000e+03 1.288000000000000000e+03
8.658000000000000000e+03 5.420000000000000000e+02
8.660000000000000000e+03 5.460000000000000000e+02
8.666000000000000000e+03 6.830000000000000000e+02
8.667000000000000000e+03 5.430000000000000000e+02
8.670000000000000000e+03 1.209000000000000000e+03
8.671000000000000000e+03 4.800000000000000000e+02
8.673000000000000000e+03 6.830000000000000000e+02
8.683000000000000000e+03 5.490000000000000000e+02
8.748000000000000000e+03 5.560000000000000000e+02
8.787000000000000000e+03 4.870000000000000000e+02
8.788000000000000000e+03 5.510000000000000000e+02
8.803000000000000000e+03 5.890000000000000000e+02
8.807000000000000000e+03 7.020000000000000000e+02
8.809000000000000000e+03 1.880000000000000000e+02
8.824000000000000000e+03 5.530000000000000000e+02
8.830000000000000000e+03 7.000000000000000000e+02
8.840000000000000000e+03 7.020000000000000000e+02
8.844000000000000000e+03 5.540000000000000000e+02
8.845000000000000000e+03 5.550000000000000000e+02
8.846000000000000000e+03 6.220000000000000000e+02
8.847000000000000000e+03 6.250000000000000000e+02
8.864000000000000000e+03 6.680000000000000000e+02
8.867000000000000000e+03 4.400000000000000000e+02
8.917000000000000000e+03 7.020000000000000000e+02
8.930000000000000000e+03 6.130000000000000000e+02
8.947000000000000000e+03 5.670000000000000000e+02
8.962000000000000000e+03 6.150000000000000000e+02
8.964000000000000000e+03 5.650000000000000000e+02
8.974000000000000000e+03 5.660000000000000000e+02
8.977000000000000000e+03 6.400000000000000000e+02
8.988000000000000000e+03 6.160000000000000000e+02
9.019000000000000000e+03 5.690000000000000000e+02
9.025000000000000000e+03 5.260000000000000000e+02
9.038000000000000000e+03 5.600000000000000000e+02
9.039000000000000000e+03 6.780000000000000000e+02
9.049000000000000000e+03 6.680000000000000000e+02
9.095000000000000000e+03 4.540000000000000000e+02
9.129000000000000000e+03 6.780000000000000000e+02
9.133000000000000000e+03 4.400000000000000000e+02
9.141000000000000000e+03 6.780000000000000000e+02
9.145000000000000000e+03 6.070000000000000000e+02
9.146000000000000000e+03 6.080000000000000000e+02
9.149000000000000000e+03 7.360000000000000000e+02
9.150000000000000000e+03 7.370000000000000000e+02
9.153000000000000000e+03 1.209000000000000000e+03
9.168000000000000000e+03 6.780000000000000000e+02
9.176000000000000000e+03 5.270000000000000000e+02
9.179000000000000000e+03 7.170000000000000000e+02
9.182000000000000000e+03 5.730000000000000000e+02
9.200000000000000000e+03 7.610000000000000000e+02
9.205000000000000000e+03 3.990000000000000000e+02
9.206000000000000000e+03 5.710000000000000000e+02
9.220000000000000000e+03 5.700000000000000000e+02
9.225000000000000000e+03 7.020000000000000000e+02
9.228000000000000000e+03 4.760000000000000000e+02
9.230000000000000000e+03 5.060000000000000000e+02
9.235000000000000000e+03 6.500000000000000000e+02
9.243000000000000000e+03 5.280000000000000000e+02
9.246000000000000000e+03 5.260000000000000000e+02
9.249000000000000000e+03 4.060000000000000000e+02
9.253000000000000000e+03 6.780000000000000000e+02
9.262000000000000000e+03 5.750000000000000000e+02
9.264000000000000000e+03 5.280000000000000000e+02
9.286000000000000000e+03 1.278000000000000000e+03
9.290000000000000000e+03 6.780000000000000000e+02
9.317000000000000000e+03 6.780000000000000000e+02
9.344000000000000000e+03 6.780000000000000000e+02
9.349000000000000000e+03 5.760000000000000000e+02
9.352000000000000000e+03 6.830000000000000000e+02
9.353000000000000000e+03 5.770000000000000000e+02
9.354000000000000000e+03 5.780000000000000000e+02
9.373000000000000000e+03 5.820000000000000000e+02
9.379000000000000000e+03 5.840000000000000000e+02
9.387000000000000000e+03 5.830000000000000000e+02
9.402000000000000000e+03 1.217000000000000000e+03
9.425000000000000000e+03 1.209000000000000000e+03
9.437000000000000000e+03 4.020000000000000000e+02
9.438000000000000000e+03 5.860000000000000000e+02
9.441000000000000000e+03 1.347000000000000000e+03
9.443000000000000000e+03 5.860000000000000000e+02
9.448000000000000000e+03 1.347000000000000000e+03
9.450000000000000000e+03 6.350000000000000000e+02
9.453000000000000000e+03 6.500000000000000000e+02
9.465000000000000000e+03 1.209000000000000000e+03
9.468000000000000000e+03 5.870000000000000000e+02
9.476000000000000000e+03 5.880000000000000000e+02
9.477000000000000000e+03 8.060000000000000000e+02
9.478000000000000000e+03 6.140000000000000000e+02
9.491000000000000000e+03 6.680000000000000000e+02
9.503000000000000000e+03 6.250000000000000000e+02
9.514000000000000000e+03 1.209000000000000000e+03
9.545000000000000000e+03 1.209000000000000000e+03
9.553000000000000000e+03 5.930000000000000000e+02
9.554000000000000000e+03 6.730000000000000000e+02
9.564000000000000000e+03 5.910000000000000000e+02
9.568000000000000000e+03 4.700000000000000000e+02
9.577000000000000000e+03 6.300000000000000000e+02
9.597000000000000000e+03 6.830000000000000000e+02
9.601000000000000000e+03 5.840000000000000000e+02
9.629000000000000000e+03 6.560000000000000000e+02
9.637000000000000000e+03 5.900000000000000000e+02
9.639000000000000000e+03 5.900000000000000000e+02
9.644000000000000000e+03 5.210000000000000000e+02
9.658000000000000000e+03 5.970000000000000000e+02
9.662000000000000000e+03 6.250000000000000000e+02
9.664000000000000000e+03 5.840000000000000000e+02
9.668000000000000000e+03 5.260000000000000000e+02
9.673000000000000000e+03 5.950000000000000000e+02
9.675000000000000000e+03 1.231000000000000000e+03
9.681000000000000000e+03 6.780000000000000000e+02
9.686000000000000000e+03 6.780000000000000000e+02
9.695000000000000000e+03 1.209000000000000000e+03
9.700000000000000000e+03 6.800000000000000000e+02
9.702000000000000000e+03 5.270000000000000000e+02
9.703000000000000000e+03 4.940000000000000000e+02
9.707000000000000000e+03 6.780000000000000000e+02
9.724000000000000000e+03 6.780000000000000000e+02
9.732000000000000000e+03 1.217000000000000000e+03
9.741000000000000000e+03 1.288000000000000000e+03
9.752000000000000000e+03 7.000000000000000000e+02
9.763000000000000000e+03 6.780000000000000000e+02
9.772000000000000000e+03 6.780000000000000000e+02
9.777000000000000000e+03 5.960000000000000000e+02
9.779000000000000000e+03 5.960000000000000000e+02
9.784000000000000000e+03 6.350000000000000000e+02
9.822000000000000000e+03 4.760000000000000000e+02
9.823000000000000000e+03 6.420000000000000000e+02
9.834000000000000000e+03 6.050000000000000000e+02
9.836000000000000000e+03 8.470000000000000000e+02
9.840000000000000000e+03 6.290000000000000000e+02
9.843000000000000000e+03 4.700000000000000000e+02
9.848000000000000000e+03 5.260000000000000000e+02
9.869000000000000000e+03 5.260000000000000000e+02
9.882000000000000000e+03 6.770000000000000000e+02
9.889000000000000000e+03 6.060000000000000000e+02
9.890000000000000000e+03 6.450000000000000000e+02
9.910000000000000000e+03 6.800000000000000000e+02
9.919000000000000000e+03 3.950000000000000000e+02
9.944000000000000000e+03 5.990000000000000000e+02
9.954000000000000000e+03 1.209000000000000000e+03
9.959000000000000000e+03 6.780000000000000000e+02
9.966000000000000000e+03 6.140000000000000000e+02
9.967000000000000000e+03 6.150000000000000000e+02
9.983000000000000000e+03 6.780000000000000000e+02
9.992000000000000000e+03 5.960000000000000000e+02
9.995000000000000000e+03 6.680000000000000000e+02
9.996000000000000000e+03 4.210000000000000000e+02
9.998000000000000000e+03 6.190000000000000000e+02
1.000200000000000000e+04 6.160000000000000000e+02
1.000800000000000000e+04 5.960000000000000000e+02
1.001600000000000000e+04 6.200000000000000000e+02
1.002300000000000000e+04 6.830000000000000000e+02
1.003300000000000000e+04 6.740000000000000000e+02
1.005200000000000000e+04 6.170000000000000000e+02
1.005300000000000000e+04 6.180000000000000000e+02
1.006600000000000000e+04 6.500000000000000000e+02
1.006800000000000000e+04 7.000000000000000000e+02
1.007600000000000000e+04 6.850000000000000000e+02
1.008000000000000000e+04 4.160000000000000000e+02
1.008300000000000000e+04 6.950000000000000000e+02
1.009200000000000000e+04 6.120000000000000000e+02
1.011400000000000000e+04 7.040000000000000000e+02
1.013600000000000000e+04 5.870000000000000000e+02
1.015000000000000000e+04 6.270000000000000000e+02
1.015900000000000000e+04 6.250000000000000000e+02
1.017000000000000000e+04 6.230000000000000000e+02
1.017400000000000000e+04 3.750000000000000000e+02
1.018600000000000000e+04 1.358000000000000000e+03
1.022800000000000000e+04 6.830000000000000000e+02
1.023200000000000000e+04 6.830000000000000000e+02
1.024400000000000000e+04 4.590000000000000000e+02
1.024500000000000000e+04 6.830000000000000000e+02
1.024600000000000000e+04 6.260000000000000000e+02
1.025400000000000000e+04 5.460000000000000000e+02
1.027500000000000000e+04 7.390000000000000000e+02
1.029100000000000000e+04 6.560000000000000000e+02
1.029400000000000000e+04 5.380000000000000000e+02
1.029600000000000000e+04 6.290000000000000000e+02
1.029800000000000000e+04 6.800000000000000000e+02
1.030100000000000000e+04 7.000000000000000000e+02
1.030400000000000000e+04 8.610000000000000000e+02
1.030700000000000000e+04 6.800000000000000000e+02
1.031100000000000000e+04 6.500000000000000000e+02
1.033100000000000000e+04 6.780000000000000000e+02
1.033900000000000000e+04 6.860000000000000000e+02
1.034100000000000000e+04 6.280000000000000000e+02
1.034300000000000000e+04 6.780000000000000000e+02
1.034900000000000000e+04 7.000000000000000000e+02
1.035100000000000000e+04 6.780000000000000000e+02
1.036200000000000000e+04 6.730000000000000000e+02
1.036400000000000000e+04 4.700000000000000000e+02
1.038100000000000000e+04 4.540000000000000000e+02
1.038300000000000000e+04 5.840000000000000000e+02
1.039100000000000000e+04 7.110000000000000000e+02
1.039300000000000000e+04 6.340000000000000000e+02
1.041800000000000000e+04 6.500000000000000000e+02
1.041900000000000000e+04 4.630000000000000000e+02
1.042700000000000000e+04 1.288000000000000000e+03
1.042800000000000000e+04 6.250000000000000000e+02
1.043100000000000000e+04 6.780000000000000000e+02
1.043900000000000000e+04 6.780000000000000000e+02
1.044400000000000000e+04 1.347000000000000000e+03
1.045400000000000000e+04 6.360000000000000000e+02
1.046000000000000000e+04 5.960000000000000000e+02
1.046100000000000000e+04 6.680000000000000000e+02
1.046700000000000000e+04 6.380000000000000000e+02
1.048100000000000000e+04 6.210000000000000000e+02
1.049500000000000000e+04 7.880000000000000000e+02
1.049800000000000000e+04 6.330000000000000000e+02
1.050100000000000000e+04 6.440000000000000000e+02
1.053400000000000000e+04 1.209000000000000000e+03
1.053600000000000000e+04 6.860000000000000000e+02
1.055300000000000000e+04 5.280000000000000000e+02
1.058300000000000000e+04 5.460000000000000000e+02
1.059400000000000000e+04 1.069000000000000000e+03
1.059700000000000000e+04 5.060000000000000000e+02
1.062200000000000000e+04 1.288000000000000000e+03
1.062700000000000000e+04 6.780000000000000000e+02
1.063400000000000000e+04 6.830000000000000000e+02
1.063500000000000000e+04 6.780000000000000000e+02
1.064300000000000000e+04 5.060000000000000000e+02
1.065300000000000000e+04 6.530000000000000000e+02
1.065400000000000000e+04 3.080000000000000000e+02
1.066500000000000000e+04 6.830000000000000000e+02
1.068500000000000000e+04 5.250000000000000000e+02
1.069200000000000000e+04 6.480000000000000000e+02
1.069300000000000000e+04 6.490000000000000000e+02
1.070100000000000000e+04 6.990000000000000000e+02
1.071400000000000000e+04 6.470000000000000000e+02
1.072300000000000000e+04 4.020000000000000000e+02
1.072400000000000000e+04 6.460000000000000000e+02
1.074500000000000000e+04 6.500000000000000000e+02
1.075000000000000000e+04 1.274000000000000000e+03
1.075400000000000000e+04 6.660000000000000000e+02
1.075700000000000000e+04 7.880000000000000000e+02
1.075800000000000000e+04 4.020000000000000000e+02
1.077200000000000000e+04 6.500000000000000000e+02
1.082000000000000000e+04 6.650000000000000000e+02
1.082100000000000000e+04 6.640000000000000000e+02
1.082300000000000000e+04 3.660000000000000000e+02
1.082400000000000000e+04 6.630000000000000000e+02
1.082800000000000000e+04 6.670000000000000000e+02
1.084300000000000000e+04 6.570000000000000000e+02
1.084400000000000000e+04 6.580000000000000000e+02
1.084600000000000000e+04 1.209000000000000000e+03
1.085200000000000000e+04 6.610000000000000000e+02
1.085600000000000000e+04 5.900000000000000000e+02
1.086400000000000000e+04 6.540000000000000000e+02
1.088700000000000000e+04 3.990000000000000000e+02
1.089000000000000000e+04 1.209000000000000000e+03
1.089100000000000000e+04 3.990000000000000000e+02
1.089700000000000000e+04 6.680000000000000000e+02
1.090400000000000000e+04 7.430000000000000000e+02
1.090600000000000000e+04 6.720000000000000000e+02
1.091000000000000000e+04 6.140000000000000000e+02
1.091100000000000000e+04 6.150000000000000000e+02
1.093500000000000000e+04 6.830000000000000000e+02
1.094700000000000000e+04 6.730000000000000000e+02
1.096900000000000000e+04 9.900000000000000000e+01
1.097300000000000000e+04 1.209000000000000000e+03
1.099400000000000000e+04 1.350000000000000000e+03
1.103400000000000000e+04 6.700000000000000000e+02
1.103600000000000000e+04 6.780000000000000000e+02
1.103900000000000000e+04 6.780000000000000000e+02
1.105200000000000000e+04 3.020000000000000000e+02
1.106100000000000000e+04 6.800000000000000000e+02
1.106400000000000000e+04 6.710000000000000000e+02
1.108400000000000000e+04 1.288000000000000000e+03
1.108800000000000000e+04 7.460000000000000000e+02
1.109700000000000000e+04 6.780000000000000000e+02
1.110000000000000000e+04 7.020000000000000000e+02
1.110300000000000000e+04 8.430000000000000000e+02
1.113700000000000000e+04 4.720000000000000000e+02
1.114500000000000000e+04 8.710000000000000000e+02
1.118000000000000000e+04 1.209000000000000000e+03
1.118100000000000000e+04 1.209000000000000000e+03
1.118400000000000000e+04 1.209000000000000000e+03
1.118700000000000000e+04 1.209000000000000000e+03
1.121200000000000000e+04 1.209000000000000000e+03
1.124200000000000000e+04 4.900000000000000000e+02
1.124900000000000000e+04 5.270000000000000000e+02
1.125100000000000000e+04 6.780000000000000000e+02
1.125300000000000000e+04 6.780000000000000000e+02
1.128600000000000000e+04 1.186000000000000000e+03
1.129200000000000000e+04 6.800000000000000000e+02
1.131000000000000000e+04 6.820000000000000000e+02
1.132600000000000000e+04 6.840000000000000000e+02
1.135100000000000000e+04 6.890000000000000000e+02
1.136100000000000000e+04 3.380000000000000000e+02
1.138400000000000000e+04 6.780000000000000000e+02
1.140500000000000000e+04 6.060000000000000000e+02
1.140700000000000000e+04 5.990000000000000000e+02
1.141800000000000000e+04 6.950000000000000000e+02
1.141900000000000000e+04 5.860000000000000000e+02
1.142700000000000000e+04 6.910000000000000000e+02
1.142800000000000000e+04 6.900000000000000000e+02
1.143700000000000000e+04 6.940000000000000000e+02
1.146000000000000000e+04 6.250000000000000000e+02
1.146300000000000000e+04 6.140000000000000000e+02
1.146400000000000000e+04 6.150000000000000000e+02
1.147300000000000000e+04 4.560000000000000000e+02
1.151900000000000000e+04 6.500000000000000000e+02
1.152500000000000000e+04 6.880000000000000000e+02
1.152600000000000000e+04 6.230000000000000000e+02
1.152700000000000000e+04 7.370000000000000000e+02
1.153600000000000000e+04 6.500000000000000000e+02
1.154500000000000000e+04 6.500000000000000000e+02
1.156200000000000000e+04 7.050000000000000000e+02
1.156400000000000000e+04 6.310000000000000000e+02
1.156900000000000000e+04 6.250000000000000000e+02
1.158600000000000000e+04 6.320000000000000000e+02
1.159800000000000000e+04 7.010000000000000000e+02
1.160200000000000000e+04 6.990000000000000000e+02
1.160300000000000000e+04 6.960000000000000000e+02
1.160400000000000000e+04 6.970000000000000000e+02
1.160500000000000000e+04 6.980000000000000000e+02
1.160700000000000000e+04 7.080000000000000000e+02
1.164900000000000000e+04 1.209000000000000000e+03
1.166300000000000000e+04 7.340000000000000000e+02
1.167400000000000000e+04 1.209000000000000000e+03
1.167900000000000000e+04 7.100000000000000000e+02
1.170200000000000000e+04 7.090000000000000000e+02
1.172300000000000000e+04 5.390000000000000000e+02
1.172400000000000000e+04 7.130000000000000000e+02
1.173600000000000000e+04 7.150000000000000000e+02
1.177300000000000000e+04 7.170000000000000000e+02
1.179400000000000000e+04 5.260000000000000000e+02
1.182300000000000000e+04 6.920000000000000000e+02
1.183300000000000000e+04 7.510000000000000000e+02
1.184200000000000000e+04 6.500000000000000000e+02
1.184900000000000000e+04 6.500000000000000000e+02
1.185500000000000000e+04 6.390000000000000000e+02
1.186000000000000000e+04 7.490000000000000000e+02
1.186100000000000000e+04 7.500000000000000000e+02
1.186300000000000000e+04 5.800000000000000000e+02
1.186700000000000000e+04 7.610000000000000000e+02
1.187300000000000000e+04 7.510000000000000000e+02
1.187800000000000000e+04 7.210000000000000000e+02
1.188800000000000000e+04 7.520000000000000000e+02
1.189600000000000000e+04 7.530000000000000000e+02
1.190800000000000000e+04 6.490000000000000000e+02
1.192800000000000000e+04 7.360000000000000000e+02
1.192900000000000000e+04 7.370000000000000000e+02
1.196000000000000000e+04 6.400000000000000000e+02
1.199400000000000000e+04 1.209000000000000000e+03
1.202100000000000000e+04 7.190000000000000000e+02
1.202300000000000000e+04 6.500000000000000000e+02
1.203300000000000000e+04 6.050000000000000000e+02
1.203500000000000000e+04 7.190000000000000000e+02
1.203600000000000000e+04 7.200000000000000000e+02
1.203700000000000000e+04 7.190000000000000000e+02
1.206400000000000000e+04 7.220000000000000000e+02
1.207000000000000000e+04 4.700000000000000000e+02
1.210900000000000000e+04 1.209000000000000000e+03
1.212600000000000000e+04 7.820000000000000000e+02
1.214100000000000000e+04 7.260000000000000000e+02
1.215100000000000000e+04 7.280000000000000000e+02
1.217600000000000000e+04 7.300000000000000000e+02
1.221800000000000000e+04 6.690000000000000000e+02
1.222400000000000000e+04 7.880000000000000000e+02
1.222700000000000000e+04 5.350000000000000000e+02
1.225400000000000000e+04 7.330000000000000000e+02
1.226400000000000000e+04 1.209000000000000000e+03
1.232200000000000000e+04 7.310000000000000000e+02
1.234700000000000000e+04 5.400000000000000000e+02
1.235000000000000000e+04 7.380000000000000000e+02
1.235500000000000000e+04 7.350000000000000000e+02
1.236800000000000000e+04 1.302000000000000000e+03
1.239800000000000000e+04 4.400000000000000000e+02
1.240800000000000000e+04 7.320000000000000000e+02
1.243700000000000000e+04 7.360000000000000000e+02
1.244800000000000000e+04 7.390000000000000000e+02
1.246400000000000000e+04 4.310000000000000000e+02
1.246800000000000000e+04 7.400000000000000000e+02
1.248800000000000000e+04 7.410000000000000000e+02
1.249000000000000000e+04 4.760000000000000000e+02
1.249600000000000000e+04 7.420000000000000000e+02
1.250400000000000000e+04 7.880000000000000000e+02
1.254300000000000000e+04 7.440000000000000000e+02
1.257200000000000000e+04 7.880000000000000000e+02
1.258400000000000000e+04 7.470000000000000000e+02
1.258500000000000000e+04 7.450000000000000000e+02
1.260400000000000000e+04 7.480000000000000000e+02
1.262600000000000000e+04 6.680000000000000000e+02
1.271600000000000000e+04 7.550000000000000000e+02
1.273600000000000000e+04 7.560000000000000000e+02
1.274800000000000000e+04 7.580000000000000000e+02
1.276500000000000000e+04 8.040000000000000000e+02
1.277300000000000000e+04 4.430000000000000000e+02
1.277700000000000000e+04 7.880000000000000000e+02
1.278500000000000000e+04 7.590000000000000000e+02
1.281700000000000000e+04 5.860000000000000000e+02
1.283300000000000000e+04 8.250000000000000000e+02
1.284500000000000000e+04 8.890000000000000000e+02
1.284600000000000000e+04 7.620000000000000000e+02
1.286000000000000000e+04 9.500000000000000000e+01
1.287600000000000000e+04 8.890000000000000000e+02
1.288600000000000000e+04 7.630000000000000000e+02
1.289900000000000000e+04 7.020000000000000000e+02
1.290200000000000000e+04 7.670000000000000000e+02
1.290800000000000000e+04 8.280000000000000000e+02
1.290900000000000000e+04 7.650000000000000000e+02
1.291100000000000000e+04 8.240000000000000000e+02
1.291700000000000000e+04 7.640000000000000000e+02
1.293500000000000000e+04 6.050000000000000000e+02
1.294200000000000000e+04 7.660000000000000000e+02
1.296500000000000000e+04 7.680000000000000000e+02
1.296900000000000000e+04 4.760000000000000000e+02
1.299100000000000000e+04 8.220000000000000000e+02
1.299700000000000000e+04 7.670000000000000000e+02
1.301600000000000000e+04 6.860000000000000000e+02
1.303200000000000000e+04 7.700000000000000000e+02
1.303300000000000000e+04 7.710000000000000000e+02
1.305600000000000000e+04 7.690000000000000000e+02
1.306800000000000000e+04 7.730000000000000000e+02
1.307100000000000000e+04 8.090000000000000000e+02
1.309000000000000000e+04 7.740000000000000000e+02
1.309600000000000000e+04 6.800000000000000000e+02
1.310600000000000000e+04 7.890000000000000000e+02
1.310800000000000000e+04 7.750000000000000000e+02
1.311600000000000000e+04 7.760000000000000000e+02
1.311800000000000000e+04 6.800000000000000000e+02
1.312300000000000000e+04 2.330000000000000000e+02
1.316400000000000000e+04 7.790000000000000000e+02
1.317500000000000000e+04 7.840000000000000000e+02
1.318500000000000000e+04 7.830000000000000000e+02
1.321900000000000000e+04 1.209000000000000000e+03
1.323100000000000000e+04 7.850000000000000000e+02
1.325300000000000000e+04 8.440000000000000000e+02
1.325400000000000000e+04 7.880000000000000000e+02
1.326200000000000000e+04 7.860000000000000000e+02
1.326600000000000000e+04 7.870000000000000000e+02
1.327000000000000000e+04 4.590000000000000000e+02
1.328400000000000000e+04 1.313000000000000000e+03
1.329100000000000000e+04 7.910000000000000000e+02
1.329800000000000000e+04 7.920000000000000000e+02
1.332500000000000000e+04 1.342000000000000000e+03
1.334500000000000000e+04 6.730000000000000000e+02
1.335400000000000000e+04 7.940000000000000000e+02
1.335500000000000000e+04 7.960000000000000000e+02
1.336200000000000000e+04 7.980000000000000000e+02
1.336700000000000000e+04 7.970000000000000000e+02
1.337400000000000000e+04 4.020000000000000000e+02
1.337900000000000000e+04 3.800000000000000000e+02
1.338000000000000000e+04 7.990000000000000000e+02
1.339300000000000000e+04 9.250000000000000000e+02
1.340900000000000000e+04 8.000000000000000000e+02
1.345500000000000000e+04 8.030000000000000000e+02
1.346400000000000000e+04 7.900000000000000000e+02
1.348200000000000000e+04 8.020000000000000000e+02
1.349000000000000000e+04 5.840000000000000000e+02
1.351800000000000000e+04 8.550000000000000000e+02
1.352700000000000000e+04 7.580000000000000000e+02
1.352800000000000000e+04 8.050000000000000000e+02
1.353700000000000000e+04 8.650000000000000000e+02
1.355500000000000000e+04 8.480000000000000000e+02
1.356100000000000000e+04 8.110000000000000000e+02
1.356400000000000000e+04 8.490000000000000000e+02
1.357000000000000000e+04 8.070000000000000000e+02
1.357700000000000000e+04 4.020000000000000000e+02
1.357800000000000000e+04 8.120000000000000000e+02
1.358500000000000000e+04 8.080000000000000000e+02
1.358600000000000000e+04 8.750000000000000000e+02
1.359000000000000000e+04 8.470000000000000000e+02
1.360300000000000000e+04 8.660000000000000000e+02
1.364300000000000000e+04 8.140000000000000000e+02
1.365800000000000000e+04 8.900000000000000000e+02
1.367400000000000000e+04 8.390000000000000000e+02
1.368900000000000000e+04 8.950000000000000000e+02
1.370900000000000000e+04 8.170000000000000000e+02
1.371200000000000000e+04 6.800000000000000000e+02
1.371900000000000000e+04 8.960000000000000000e+02
1.372100000000000000e+04 8.180000000000000000e+02
1.373400000000000000e+04 6.800000000000000000e+02
1.374200000000000000e+04 8.200000000000000000e+02
1.374600000000000000e+04 8.270000000000000000e+02
1.375700000000000000e+04 1.186000000000000000e+03
1.375800000000000000e+04 8.190000000000000000e+02
1.376600000000000000e+04 6.800000000000000000e+02
1.378600000000000000e+04 8.210000000000000000e+02
1.380900000000000000e+04 8.930000000000000000e+02
1.381400000000000000e+04 9.080000000000000000e+02
1.381800000000000000e+04 8.230000000000000000e+02
1.384600000000000000e+04 9.110000000000000000e+02
1.389100000000000000e+04 4.020000000000000000e+02
1.390900000000000000e+04 1.200000000000000000e+03
1.393100000000000000e+04 1.008000000000000000e+03
1.394200000000000000e+04 9.160000000000000000e+02
1.395600000000000000e+04 9.200000000000000000e+02
1.396500000000000000e+04 4.540000000000000000e+02
1.398300000000000000e+04 9.130000000000000000e+02
1.399700000000000000e+04 8.290000000000000000e+02
1.404300000000000000e+04 9.940000000000000000e+02
1.408900000000000000e+04 1.391000000000000000e+03
1.410300000000000000e+04 9.390000000000000000e+02
1.412500000000000000e+04 8.330000000000000000e+02
1.416700000000000000e+04 8.340000000000000000e+02
1.417000000000000000e+04 1.540000000000000000e+02
1.417900000000000000e+04 8.370000000000000000e+02
1.420100000000000000e+04 9.270000000000000000e+02
1.421900000000000000e+04 8.340000000000000000e+02
1.428700000000000000e+04 8.420000000000000000e+02
1.430000000000000000e+04 8.450000000000000000e+02
1.431000000000000000e+04 3.900000000000000000e+02
1.432500000000000000e+04 1.186000000000000000e+03
1.433100000000000000e+04 1.307000000000000000e+03
1.434800000000000000e+04 4.060000000000000000e+02
1.435500000000000000e+04 9.450000000000000000e+02
1.442300000000000000e+04 1.197000000000000000e+03
1.443700000000000000e+04 8.570000000000000000e+02
1.443800000000000000e+04 8.580000000000000000e+02
1.444500000000000000e+04 8.560000000000000000e+02
1.448000000000000000e+04 8.500000000000000000e+02
1.450300000000000000e+04 8.590000000000000000e+02
1.452100000000000000e+04 8.510000000000000000e+02
1.452200000000000000e+04 8.530000000000000000e+02
1.453200000000000000e+04 8.720000000000000000e+02
1.453600000000000000e+04 9.300000000000000000e+01
1.457300000000000000e+04 8.610000000000000000e+02
1.458800000000000000e+04 8.600000000000000000e+02
1.459000000000000000e+04 8.670000000000000000e+02
1.459100000000000000e+04 8.620000000000000000e+02
1.460600000000000000e+04 1.041000000000000000e+03
1.462300000000000000e+04 5.390000000000000000e+02
1.463200000000000000e+04 8.430000000000000000e+02
1.466700000000000000e+04 1.540000000000000000e+02
1.467400000000000000e+04 8.810000000000000000e+02
1.467600000000000000e+04 1.540000000000000000e+02
1.467900000000000000e+04 3.330000000000000000e+02
1.474000000000000000e+04 8.700000000000000000e+02
1.474600000000000000e+04 8.740000000000000000e+02
1.476000000000000000e+04 8.920000000000000000e+02
1.476900000000000000e+04 8.870000000000000000e+02
1.478200000000000000e+04 8.910000000000000000e+02
1.480500000000000000e+04 9.590000000000000000e+02
1.481300000000000000e+04 8.790000000000000000e+02
1.481700000000000000e+04 8.800000000000000000e+02
1.482100000000000000e+04 9.940000000000000000e+02
1.482400000000000000e+04 4.060000000000000000e+02
1.482700000000000000e+04 8.990000000000000000e+02
1.483000000000000000e+04 6.310000000000000000e+02
1.483300000000000000e+04 8.860000000000000000e+02
1.488300000000000000e+04 5.350000000000000000e+02
1.488600000000000000e+04 8.940000000000000000e+02
1.489100000000000000e+04 8.850000000000000000e+02
1.490600000000000000e+04 8.690000000000000000e+02
1.492500000000000000e+04 9.020000000000000000e+02
1.496100000000000000e+04 7.880000000000000000e+02
1.497100000000000000e+04 8.840000000000000000e+02
1.499500000000000000e+04 7.600000000000000000e+02
1.500300000000000000e+04 9.040000000000000000e+02
1.504300000000000000e+04 1.040000000000000000e+02
1.507000000000000000e+04 9.060000000000000000e+02
1.507500000000000000e+04 8.970000000000000000e+02
1.507600000000000000e+04 8.980000000000000000e+02
1.512000000000000000e+04 8.890000000000000000e+02
1.513500000000000000e+04 1.059000000000000000e+03
1.516000000000000000e+04 9.090000000000000000e+02
1.517000000000000000e+04 9.070000000000000000e+02
1.518800000000000000e+04 9.210000000000000000e+02
1.519600000000000000e+04 9.010000000000000000e+02
1.522900000000000000e+04 9.100000000000000000e+02
1.523500000000000000e+04 9.280000000000000000e+02
1.529700000000000000e+04 3.490000000000000000e+02
1.533000000000000000e+04 6.400000000000000000e+02
1.534800000000000000e+04 3.460000000000000000e+02
1.536500000000000000e+04 9.180000000000000000e+02
1.541400000000000000e+04 9.260000000000000000e+02
1.542600000000000000e+04 3.490000000000000000e+02
1.544100000000000000e+04 6.400000000000000000e+02
1.545600000000000000e+04 9.220000000000000000e+02
1.546000000000000000e+04 7.370000000000000000e+02
1.546200000000000000e+04 9.330000000000000000e+02
1.546700000000000000e+04 9.350000000000000000e+02
1.548000000000000000e+04 3.460000000000000000e+02
1.548800000000000000e+04 9.290000000000000000e+02
1.550700000000000000e+04 9.410000000000000000e+02
1.551800000000000000e+04 9.250000000000000000e+02
1.552100000000000000e+04 1.209000000000000000e+03
1.553300000000000000e+04 1.032000000000000000e+03
1.553900000000000000e+04 4.010000000000000000e+02
1.555300000000000000e+04 9.370000000000000000e+02
1.555600000000000000e+04 9.170000000000000000e+02
1.556100000000000000e+04 9.170000000000000000e+02
1.556300000000000000e+04 3.630000000000000000e+02
1.556800000000000000e+04 9.430000000000000000e+02
1.557800000000000000e+04 1.307000000000000000e+03
1.558000000000000000e+04 9.570000000000000000e+02
1.559500000000000000e+04 9.550000000000000000e+02
1.560700000000000000e+04 9.140000000000000000e+02
1.560800000000000000e+04 9.150000000000000000e+02
1.561200000000000000e+04 9.310000000000000000e+02
1.561900000000000000e+04 3.250000000000000000e+02
1.566200000000000000e+04 5.250000000000000000e+02
1.568600000000000000e+04 9.340000000000000000e+02
1.571200000000000000e+04 9.400000000000000000e+02
1.572400000000000000e+04 9.240000000000000000e+02
1.575400000000000000e+04 9.270000000000000000e+02
1.576700000000000000e+04 9.440000000000000000e+02
1.577400000000000000e+04 9.490000000000000000e+02
1.578000000000000000e+04 4.060000000000000000e+02
1.580500000000000000e+04 9.900000000000000000e+01
1.580600000000000000e+04 9.470000000000000000e+02
1.581900000000000000e+04 9.480000000000000000e+02
1.584200000000000000e+04 9.610000000000000000e+02
1.587900000000000000e+04 9.690000000000000000e+02
1.588000000000000000e+04 9.450000000000000000e+02
1.589200000000000000e+04 9.360000000000000000e+02
1.590600000000000000e+04 9.620000000000000000e+02
1.590700000000000000e+04 9.600000000000000000e+02
1.595200000000000000e+04 9.810000000000000000e+02
1.596000000000000000e+04 9.700000000000000000e+02
1.598000000000000000e+04 9.380000000000000000e+02
1.598600000000000000e+04 8.010000000000000000e+02
1.599400000000000000e+04 1.089000000000000000e+03
1.600100000000000000e+04 9.520000000000000000e+02
1.600900000000000000e+04 8.600000000000000000e+02
1.601300000000000000e+04 8.430000000000000000e+02
1.604600000000000000e+04 9.840000000000000000e+02
1.605800000000000000e+04 9.530000000000000000e+02
1.605900000000000000e+04 9.540000000000000000e+02
1.606100000000000000e+04 9.890000000000000000e+02
1.606700000000000000e+04 9.640000000000000000e+02
1.610100000000000000e+04 1.318000000000000000e+03
1.610600000000000000e+04 9.560000000000000000e+02
1.611800000000000000e+04 5.840000000000000000e+02
1.612600000000000000e+04 1.347000000000000000e+03
1.613200000000000000e+04 9.580000000000000000e+02
1.613700000000000000e+04 9.630000000000000000e+02
1.615600000000000000e+04 9.920000000000000000e+02
1.616300000000000000e+04 9.880000000000000000e+02
1.616700000000000000e+04 9.900000000000000000e+02
1.617900000000000000e+04 1.000000000000000000e+03
1.618100000000000000e+04 1.001000000000000000e+03
1.618200000000000000e+04 9.670000000000000000e+02
1.618400000000000000e+04 9.870000000000000000e+02
1.618500000000000000e+04 9.970000000000000000e+02
1.619600000000000000e+04 8.600000000000000000e+02
1.620000000000000000e+04 3.800000000000000000e+02
1.620200000000000000e+04 9.710000000000000000e+02
1.621500000000000000e+04 9.650000000000000000e+02
1.621800000000000000e+04 9.950000000000000000e+02
1.622000000000000000e+04 9.130000000000000000e+02
1.623800000000000000e+04 9.720000000000000000e+02
1.630000000000000000e+04 9.730000000000000000e+02
1.630400000000000000e+04 1.326000000000000000e+03
1.631600000000000000e+04 9.800000000000000000e+02
1.634200000000000000e+04 1.010000000000000000e+03
1.635300000000000000e+04 9.820000000000000000e+02
1.636300000000000000e+04 1.015000000000000000e+03
1.636900000000000000e+04 1.017000000000000000e+03
1.639400000000000000e+04 1.019000000000000000e+03
1.639600000000000000e+04 1.020000000000000000e+03
1.640400000000000000e+04 9.850000000000000000e+02
1.641700000000000000e+04 1.018000000000000000e+03
1.642200000000000000e+04 1.016000000000000000e+03
1.644500000000000000e+04 9.790000000000000000e+02
1.647900000000000000e+04 1.011000000000000000e+03
1.648100000000000000e+04 9.830000000000000000e+02
1.648500000000000000e+04 9.780000000000000000e+02
1.648600000000000000e+04 1.027000000000000000e+03
1.649000000000000000e+04 1.070000000000000000e+02
1.650600000000000000e+04 1.009000000000000000e+03
1.651800000000000000e+04 8.600000000000000000e+02
1.652500000000000000e+04 1.038000000000000000e+03
1.652600000000000000e+04 1.039000000000000000e+03
1.652900000000000000e+04 1.034000000000000000e+03
1.653800000000000000e+04 1.023000000000000000e+03
1.654300000000000000e+04 1.041000000000000000e+03
1.656000000000000000e+04 1.012000000000000000e+03
1.657100000000000000e+04 1.043000000000000000e+03
1.657200000000000000e+04 1.044000000000000000e+03
1.658100000000000000e+04 1.028000000000000000e+03
1.659800000000000000e+04 1.025000000000000000e+03
1.660000000000000000e+04 9.060000000000000000e+02
1.660300000000000000e+04 1.026000000000000000e+03
1.662400000000000000e+04 1.347000000000000000e+03
1.663600000000000000e+04 9.990000000000000000e+02
1.665100000000000000e+04 4.420000000000000000e+02
1.666100000000000000e+04 1.022000000000000000e+03
1.667100000000000000e+04 1.008000000000000000e+03
1.667200000000000000e+04 1.040000000000000000e+03
1.667900000000000000e+04 1.055000000000000000e+03
1.668300000000000000e+04 4.400000000000000000e+02
1.671900000000000000e+04 1.003000000000000000e+03
1.672000000000000000e+04 1.347000000000000000e+03
1.672400000000000000e+04 1.217000000000000000e+03
1.672900000000000000e+04 1.002000000000000000e+03
1.673000000000000000e+04 1.158000000000000000e+03
1.673600000000000000e+04 1.930000000000000000e+02
1.674800000000000000e+04 1.057000000000000000e+03
1.676100000000000000e+04 9.980000000000000000e+02
1.677100000000000000e+04 7.300000000000000000e+02
1.677600000000000000e+04 1.054000000000000000e+03
1.681900000000000000e+04 1.024000000000000000e+03
1.683500000000000000e+04 1.004000000000000000e+03
1.683800000000000000e+04 1.078000000000000000e+03
1.684000000000000000e+04 1.036000000000000000e+03
1.684100000000000000e+04 1.037000000000000000e+03
1.684300000000000000e+04 9.960000000000000000e+02
1.685500000000000000e+04 1.021000000000000000e+03
1.686700000000000000e+04 1.390000000000000000e+03
1.688100000000000000e+04 1.049000000000000000e+03
1.688500000000000000e+04 1.031000000000000000e+03
1.689600000000000000e+04 1.067000000000000000e+03
1.690300000000000000e+04 1.005000000000000000e+03
1.690700000000000000e+04 1.050000000000000000e+03
1.693200000000000000e+04 1.056000000000000000e+03
1.697400000000000000e+04 1.075000000000000000e+03
1.697700000000000000e+04 1.053000000000000000e+03
1.698700000000000000e+04 1.064000000000000000e+03
1.701000000000000000e+04 1.081000000000000000e+03
1.701900000000000000e+04 1.035000000000000000e+03
1.702300000000000000e+04 1.045000000000000000e+03
1.707400000000000000e+04 1.042000000000000000e+03
1.710600000000000000e+04 1.047000000000000000e+03
1.713500000000000000e+04 1.063000000000000000e+03
1.713700000000000000e+04 1.088000000000000000e+03
1.716500000000000000e+04 1.069000000000000000e+03
1.717000000000000000e+04 1.093000000000000000e+03
1.718700000000000000e+04 1.094000000000000000e+03
1.718900000000000000e+04 1.113000000000000000e+03
1.719400000000000000e+04 1.076000000000000000e+03
1.721200000000000000e+04 1.111000000000000000e+03
1.722300000000000000e+04 1.079000000000000000e+03
1.724000000000000000e+04 1.103000000000000000e+03
1.724500000000000000e+04 1.087000000000000000e+03
1.724800000000000000e+04 1.070000000000000000e+03
1.724900000000000000e+04 1.065000000000000000e+03
1.729200000000000000e+04 1.074000000000000000e+03
1.730000000000000000e+04 1.073000000000000000e+03
1.731000000000000000e+04 1.114000000000000000e+03
1.737700000000000000e+04 1.116000000000000000e+03
1.738800000000000000e+04 2.240000000000000000e+02
1.739400000000000000e+04 1.077000000000000000e+03
1.742500000000000000e+04 8.220000000000000000e+02
1.744000000000000000e+04 1.082000000000000000e+03
1.744600000000000000e+04 1.126000000000000000e+03
1.749000000000000000e+04 1.100000000000000000e+03
1.751300000000000000e+04 1.072000000000000000e+03
1.752900000000000000e+04 1.106000000000000000e+03
1.754300000000000000e+04 1.084000000000000000e+03
1.754600000000000000e+04 8.610000000000000000e+02
1.756000000000000000e+04 1.128000000000000000e+03
1.757800000000000000e+04 1.118000000000000000e+03
1.760700000000000000e+04 1.136000000000000000e+03
1.760900000000000000e+04 5.400000000000000000e+02
1.762400000000000000e+04 1.115000000000000000e+03
1.763000000000000000e+04 1.135000000000000000e+03
1.764400000000000000e+04 1.137000000000000000e+03
1.764700000000000000e+04 1.134000000000000000e+03
1.766800000000000000e+04 1.139000000000000000e+03
1.767000000000000000e+04 1.142000000000000000e+03
1.768300000000000000e+04 1.091000000000000000e+03
1.769600000000000000e+04 1.090000000000000000e+03
1.770000000000000000e+04 1.147000000000000000e+03
1.770600000000000000e+04 1.146000000000000000e+03
1.772100000000000000e+04 1.099000000000000000e+03
1.773200000000000000e+04 1.123000000000000000e+03
1.773400000000000000e+04 1.120000000000000000e+03
1.774300000000000000e+04 1.097000000000000000e+03
1.779100000000000000e+04 1.150000000000000000e+03
1.780000000000000000e+04 1.148000000000000000e+03
1.780200000000000000e+04 1.136000000000000000e+03
1.780900000000000000e+04 1.161000000000000000e+03
1.781100000000000000e+04 1.154000000000000000e+03
1.783300000000000000e+04 1.130000000000000000e+03
1.784300000000000000e+04 4.020000000000000000e+02
1.784900000000000000e+04 1.143000000000000000e+03
1.786000000000000000e+04 3.570000000000000000e+02
1.786200000000000000e+04 1.159000000000000000e+03
1.786300000000000000e+04 1.160000000000000000e+03
1.787200000000000000e+04 5.840000000000000000e+02
1.789000000000000000e+04 1.156000000000000000e+03
1.789400000000000000e+04 1.141000000000000000e+03
1.790700000000000000e+04 4.020000000000000000e+02
1.791300000000000000e+04 1.140000000000000000e+03
1.791600000000000000e+04 1.157000000000000000e+03
1.792300000000000000e+04 1.131000000000000000e+03
1.793900000000000000e+04 1.145000000000000000e+03
1.800100000000000000e+04 1.153000000000000000e+03
1.804300000000000000e+04 1.167000000000000000e+03
1.805400000000000000e+04 1.170000000000000000e+03
1.806300000000000000e+04 1.162000000000000000e+03
1.806400000000000000e+04 1.155000000000000000e+03
1.806800000000000000e+04 1.171000000000000000e+03
1.807300000000000000e+04 1.165000000000000000e+03
1.812400000000000000e+04 1.174000000000000000e+03
1.813300000000000000e+04 1.177000000000000000e+03
1.814000000000000000e+04 5.260000000000000000e+02
1.815800000000000000e+04 1.180000000000000000e+03
1.816300000000000000e+04 1.187000000000000000e+03
1.816400000000000000e+04 1.189000000000000000e+03
1.816600000000000000e+04 1.175000000000000000e+03
1.816900000000000000e+04 1.179000000000000000e+03
1.817500000000000000e+04 1.168000000000000000e+03
1.817800000000000000e+04 1.166000000000000000e+03
1.821900000000000000e+04 1.156000000000000000e+03
1.825900000000000000e+04 1.186000000000000000e+03
1.826300000000000000e+04 1.186000000000000000e+03
1.827300000000000000e+04 1.181000000000000000e+03
1.827900000000000000e+04 1.195000000000000000e+03
1.828800000000000000e+04 1.163000000000000000e+03
1.829600000000000000e+04 1.182000000000000000e+03
1.832300000000000000e+04 3.900000000000000000e+02
1.832600000000000000e+04 1.188000000000000000e+03
1.835700000000000000e+04 1.209000000000000000e+03
1.839200000000000000e+04 1.196000000000000000e+03
1.839400000000000000e+04 1.191000000000000000e+03
1.840500000000000000e+04 1.198000000000000000e+03
1.841300000000000000e+04 8.890000000000000000e+02
1.841900000000000000e+04 1.200000000000000000e+01
1.843100000000000000e+04 5.840000000000000000e+02
1.844100000000000000e+04 1.199000000000000000e+03
1.844200000000000000e+04 3.010000000000000000e+02
1.845200000000000000e+04 1.201000000000000000e+03
1.845300000000000000e+04 1.176000000000000000e+03
1.847500000000000000e+04 8.890000000000000000e+02
1.848400000000000000e+04 8.890000000000000000e+02
1.851600000000000000e+04 5.390000000000000000e+02
1.852000000000000000e+04 9.390000000000000000e+02
1.852900000000000000e+04 1.185000000000000000e+03
1.853000000000000000e+04 1.197000000000000000e+03
1.854500000000000000e+04 1.205000000000000000e+03
1.854700000000000000e+04 1.197000000000000000e+03
1.856700000000000000e+04 1.203000000000000000e+03
1.858700000000000000e+04 1.206000000000000000e+03
1.858800000000000000e+04 1.190000000000000000e+03
1.861500000000000000e+04 9.970000000000000000e+02
1.862900000000000000e+04 1.208000000000000000e+03
1.863600000000000000e+04 1.210000000000000000e+03
1.864300000000000000e+04 4.020000000000000000e+02
1.865100000000000000e+04 1.209000000000000000e+03
1.867000000000000000e+04 1.219000000000000000e+03
1.867200000000000000e+04 1.221000000000000000e+03
1.868100000000000000e+04 1.215000000000000000e+03
1.868300000000000000e+04 1.213000000000000000e+03
1.871600000000000000e+04 1.218000000000000000e+03
1.873100000000000000e+04 1.217000000000000000e+03
1.873500000000000000e+04 1.200000000000000000e+03
1.873900000000000000e+04 7.130000000000000000e+02
1.874000000000000000e+04 1.220000000000000000e+03
1.876300000000000000e+04 1.222000000000000000e+03
1.877100000000000000e+04 1.202000000000000000e+03
1.878900000000000000e+04 1.287000000000000000e+03
1.879500000000000000e+04 1.223000000000000000e+03
1.881200000000000000e+04 1.204000000000000000e+03
1.883200000000000000e+04 1.232000000000000000e+03
1.883400000000000000e+04 1.230000000000000000e+03
1.883800000000000000e+04 1.229000000000000000e+03
1.885000000000000000e+04 3.560000000000000000e+02
1.886900000000000000e+04 1.233000000000000000e+03
1.887100000000000000e+04 1.209000000000000000e+03
1.887300000000000000e+04 1.720000000000000000e+02
1.889000000000000000e+04 1.231000000000000000e+03
1.889900000000000000e+04 3.990000000000000000e+02
1.892100000000000000e+04 1.235000000000000000e+03
1.894900000000000000e+04 1.237000000000000000e+03
1.895200000000000000e+04 1.239000000000000000e+03
1.896100000000000000e+04 1.242000000000000000e+03
1.896700000000000000e+04 1.238000000000000000e+03
1.898000000000000000e+04 1.248000000000000000e+03
1.899100000000000000e+04 1.302000000000000000e+03
1.900200000000000000e+04 1.214000000000000000e+03
1.901300000000000000e+04 4.020000000000000000e+02
1.901500000000000000e+04 1.247000000000000000e+03
1.901700000000000000e+04 1.251000000000000000e+03
1.904200000000000000e+04 1.249000000000000000e+03
1.904900000000000000e+04 1.224000000000000000e+03
1.907400000000000000e+04 1.255000000000000000e+03
1.908900000000000000e+04 1.240000000000000000e+03
1.909500000000000000e+04 1.226000000000000000e+03
1.909600000000000000e+04 1.227000000000000000e+03
1.910900000000000000e+04 7.600000000000000000e+02
1.911900000000000000e+04 1.257000000000000000e+03
1.912000000000000000e+04 1.256000000000000000e+03
1.913700000000000000e+04 1.234000000000000000e+03
1.914000000000000000e+04 1.262000000000000000e+03
1.914400000000000000e+04 4.060000000000000000e+02
1.915200000000000000e+04 1.259000000000000000e+03
1.915300000000000000e+04 1.260000000000000000e+03
1.922400000000000000e+04 5.840000000000000000e+02
1.923700000000000000e+04 6.210000000000000000e+02
1.925300000000000000e+04 1.245000000000000000e+03
1.925400000000000000e+04 1.266000000000000000e+03
1.927000000000000000e+04 1.265000000000000000e+03
1.929500000000000000e+04 5.840000000000000000e+02
1.930100000000000000e+04 1.268000000000000000e+03
1.931600000000000000e+04 7.610000000000000000e+02
1.935400000000000000e+04 1.186000000000000000e+03
1.935500000000000000e+04 1.186000000000000000e+03
1.935900000000000000e+04 1.253000000000000000e+03
1.938600000000000000e+04 1.270000000000000000e+03
1.942200000000000000e+04 1.271000000000000000e+03
1.943100000000000000e+04 4.590000000000000000e+02
1.943500000000000000e+04 1.273000000000000000e+03
1.945100000000000000e+04 7.170000000000000000e+02
1.946500000000000000e+04 1.258000000000000000e+03
1.949400000000000000e+04 1.278000000000000000e+03
1.949500000000000000e+04 1.279000000000000000e+03
1.956900000000000000e+04 1.263000000000000000e+03
1.957000000000000000e+04 1.264000000000000000e+03
1.957100000000000000e+04 1.275000000000000000e+03
1.958200000000000000e+04 1.281000000000000000e+03
1.960200000000000000e+04 1.277000000000000000e+03
1.965700000000000000e+04 4.540000000000000000e+02
1.970600000000000000e+04 1.285000000000000000e+03
1.972700000000000000e+04 1.197000000000000000e+03
1.973800000000000000e+04 1.011000000000000000e+03
1.975100000000000000e+04 1.288000000000000000e+03
1.975700000000000000e+04 1.287000000000000000e+03
1.975900000000000000e+04 8.220000000000000000e+02
1.977900000000000000e+04 1.289000000000000000e+03
1.979300000000000000e+04 1.292000000000000000e+03
1.979700000000000000e+04 1.291000000000000000e+03
1.982000000000000000e+04 1.294000000000000000e+03
1.984100000000000000e+04 1.209000000000000000e+03
1.990200000000000000e+04 1.280000000000000000e+03
1.990500000000000000e+04 1.299000000000000000e+03
1.997200000000000000e+04 4.100000000000000000e+01
1.999100000000000000e+04 5.270000000000000000e+02
1.999300000000000000e+04 1.282000000000000000e+03
2.013500000000000000e+04 1.304000000000000000e+03
2.014500000000000000e+04 1.303000000000000000e+03
2.015100000000000000e+04 1.305000000000000000e+03
2.016000000000000000e+04 1.306000000000000000e+03
2.016200000000000000e+04 1.307000000000000000e+03
2.018500000000000000e+04 1.295000000000000000e+03
2.020200000000000000e+04 1.298000000000000000e+03
2.026000000000000000e+04 1.308000000000000000e+03
2.029700000000000000e+04 1.324000000000000000e+03
2.032100000000000000e+04 1.322000000000000000e+03
2.038000000000000000e+04 1.288000000000000000e+03
2.044800000000000000e+04 1.217000000000000000e+03
2.046400000000000000e+04 1.319000000000000000e+03
2.047800000000000000e+04 1.318000000000000000e+03
2.053500000000000000e+04 1.315000000000000000e+03
2.054500000000000000e+04 8.200000000000000000e+02
2.056700000000000000e+04 1.325000000000000000e+03
2.058800000000000000e+04 1.310000000000000000e+03
2.060000000000000000e+04 1.314000000000000000e+03
2.060400000000000000e+04 1.320000000000000000e+03
2.061000000000000000e+04 1.309000000000000000e+03
2.061100000000000000e+04 1.330000000000000000e+03
2.061500000000000000e+04 1.327000000000000000e+03
2.063400000000000000e+04 1.332000000000000000e+03
2.064500000000000000e+04 1.332000000000000000e+03
2.064600000000000000e+04 1.311000000000000000e+03
2.066400000000000000e+04 4.020000000000000000e+02
2.067600000000000000e+04 1.340000000000000000e+03
2.067700000000000000e+04 1.314000000000000000e+03
2.071400000000000000e+04 1.337000000000000000e+03
2.078100000000000000e+04 1.353000000000000000e+03
2.078200000000000000e+04 1.354000000000000000e+03
2.078300000000000000e+04 1.348000000000000000e+03
2.078400000000000000e+04 1.349000000000000000e+03
2.079000000000000000e+04 1.334000000000000000e+03
2.079500000000000000e+04 1.352000000000000000e+03
2.083100000000000000e+04 1.343000000000000000e+03
2.086000000000000000e+04 1.350000000000000000e+03
2.086800000000000000e+04 1.323000000000000000e+03
2.087400000000000000e+04 1.357000000000000000e+03
2.091300000000000000e+04 1.335000000000000000e+03
2.091400000000000000e+04 1.336000000000000000e+03
2.092300000000000000e+04 1.345000000000000000e+03
2.092900000000000000e+04 1.328000000000000000e+03
2.093900000000000000e+04 1.361000000000000000e+03
2.094700000000000000e+04 1.347000000000000000e+03
2.096600000000000000e+04 1.346000000000000000e+03
2.098300000000000000e+04 1.365000000000000000e+03
2.098400000000000000e+04 1.355000000000000000e+03
2.098600000000000000e+04 1.351000000000000000e+03
2.100900000000000000e+04 1.344000000000000000e+03
2.101000000000000000e+04 1.344000000000000000e+03
2.101400000000000000e+04 8.890000000000000000e+02
2.101700000000000000e+04 1.367000000000000000e+03
2.104900000000000000e+04 8.890000000000000000e+02
2.108100000000000000e+04 1.362000000000000000e+03
2.109200000000000000e+04 1.341000000000000000e+03
2.114900000000000000e+04 1.359000000000000000e+03
2.117600000000000000e+04 1.360000000000000000e+03
2.118200000000000000e+04 1.284000000000000000e+03
2.118500000000000000e+04 1.364000000000000000e+03
2.120300000000000000e+04 1.371000000000000000e+03
2.122800000000000000e+04 1.356000000000000000e+03
2.123600000000000000e+04 1.360000000000000000e+03
2.125300000000000000e+04 1.370000000000000000e+03
2.127800000000000000e+04 1.373000000000000000e+03
2.128700000000000000e+04 1.314000000000000000e+03
2.133400000000000000e+04 1.366000000000000000e+03
2.142500000000000000e+04 6.680000000000000000e+02
2.145200000000000000e+04 3.800000000000000000e+02
2.148800000000000000e+04 1.381000000000000000e+03
2.150000000000000000e+04 4.020000000000000000e+02
2.152300000000000000e+04 1.377000000000000000e+03
2.153600000000000000e+04 4.020000000000000000e+02
2.155100000000000000e+04 1.375000000000000000e+03
2.155500000000000000e+04 1.378000000000000000e+03
2.157500000000000000e+04 1.374000000000000000e+03
2.161600000000000000e+04 1.388000000000000000e+03
2.162200000000000000e+04 1.387000000000000000e+03
2.162300000000000000e+04 8.890000000000000000e+02
2.162900000000000000e+04 1.389000000000000000e+03
2.163200000000000000e+04 7.300000000000000000e+02
2.164500000000000000e+04 3.400000000000000000e+02
2.165800000000000000e+04 1.379000000000000000e+03
2.167000000000000000e+04 1.380000000000000000e+03
2.167800000000000000e+04 1.376000000000000000e+03
2.171400000000000000e+04 1.384000000000000000e+03
2.195300000000000000e+04 6.780000000000000000e+02
2.196400000000000000e+04 9.440000000000000000e+02
2.206000000000000000e+04 1.390000000000000000e+03
2.216500000000000000e+04 1.391000000000000000e+03
2.245100000000000000e+04 3.280000000000000000e+02
2.254100000000000000e+04 9.440000000000000000e+02
2.264600000000000000e+04 9.000000000000000000e+00
2.266300000000000000e+04 4.820000000000000000e+02
2.281600000000000000e+04 1.100000000000000000e+01
2.301700000000000000e+04 9.500000000000000000e+02
2.307000000000000000e+04 1.347000000000000000e+03
2.312500000000000000e+04 1.117000000000000000e+03
2.318100000000000000e+04 1.217000000000000000e+03
2.322200000000000000e+04 8.640000000000000000e+02
2.322500000000000000e+04 9.600000000000000000e+01
2.325200000000000000e+04 5.010000000000000000e+02
2.342400000000000000e+04 1.085000000000000000e+03
2.346500000000000000e+04 7.880000000000000000e+02
2.356000000000000000e+04 7.190000000000000000e+02
2.358500000000000000e+04 1.300000000000000000e+01
2.358600000000000000e+04 1.800000000000000000e+02
2.383700000000000000e+04 1.210000000000000000e+03
2.393100000000000000e+04 1.298000000000000000e+03
2.397200000000000000e+04 1.301000000000000000e+03
2.435100000000000000e+04 1.300000000000000000e+01
2.436900000000000000e+04 8.940000000000000000e+02
2.443000000000000000e+04 3.520000000000000000e+02
2.454100000000000000e+04 4.970000000000000000e+02
2.458200000000000000e+04 8.500000000000000000e+02
2.462100000000000000e+04 1.570000000000000000e+02
2.475800000000000000e+04 6.250000000000000000e+02
2.478200000000000000e+04 4.020000000000000000e+02
2.501800000000000000e+04 1.211000000000000000e+03
2.519600000000000000e+04 4.020000000000000000e+02
2.521300000000000000e+04 5.840000000000000000e+02
2.532100000000000000e+04 1.209000000000000000e+03
2.544500000000000000e+04 1.209000000000000000e+03
2.552000000000000000e+04 1.216000000000000000e+03
2.560800000000000000e+04 1.186000000000000000e+03
2.562500000000000000e+04 5.120000000000000000e+02
2.566300000000000000e+04 4.020000000000000000e+02
2.586700000000000000e+04 4.020000000000000000e+02
2.587300000000000000e+04 1.209000000000000000e+03
2.592700000000000000e+04 4.020000000000000000e+02
2.593700000000000000e+04 6.250000000000000000e+02
2.594100000000000000e+04 1.209000000000000000e+03
2.594600000000000000e+04 1.012000000000000000e+03
2.598200000000000000e+04 4.060000000000000000e+02
2.607100000000000000e+04 1.301000000000000000e+03
2.609800000000000000e+04 5.680000000000000000e+02
2.611200000000000000e+04 4.020000000000000000e+02
2.613200000000000000e+04 6.650000000000000000e+02
2.613300000000000000e+04 4.540000000000000000e+02
2.615900000000000000e+04 4.020000000000000000e+02
2.623500000000000000e+04 3.020000000000000000e+02
2.625000000000000000e+04 1.186000000000000000e+03
2.634200000000000000e+04 4.020000000000000000e+02
2.643200000000000000e+04 8.940000000000000000e+02
2.644100000000000000e+04 1.186000000000000000e+03
2.646600000000000000e+04 6.250000000000000000e+02
2.651900000000000000e+04 2.270000000000000000e+02
2.653600000000000000e+04 9.440000000000000000e+02
2.661800000000000000e+04 4.020000000000000000e+02
2.662400000000000000e+04 6.250000000000000000e+02
2.663900000000000000e+04 4.020000000000000000e+02
2.665100000000000000e+04 4.020000000000000000e+02
2.666200000000000000e+04 1.209000000000000000e+03
2.673200000000000000e+04 6.250000000000000000e+02
2.674200000000000000e+04 1.620000000000000000e+02
2.676300000000000000e+04 4.020000000000000000e+02
2.678400000000000000e+04 9.250000000000000000e+02
2.682200000000000000e+04 3.510000000000000000e+02
2.687700000000000000e+04 1.234000000000000000e+03
2.692400000000000000e+04 4.020000000000000000e+02
2.694000000000000000e+04 1.039000000000000000e+03
2.696800000000000000e+04 4.020000000000000000e+02
2.698300000000000000e+04 1.209000000000000000e+03
2.699800000000000000e+04 4.020000000000000000e+02
2.700200000000000000e+04 4.020000000000000000e+02
2.702200000000000000e+04 4.020000000000000000e+02
2.704600000000000000e+04 4.020000000000000000e+02
2.705500000000000000e+04 1.302000000000000000e+03
2.706000000000000000e+04 1.209000000000000000e+03
2.706600000000000000e+04 4.020000000000000000e+02
2.707200000000000000e+04 6.800000000000000000e+02
2.707600000000000000e+04 1.012000000000000000e+03
2.708400000000000000e+04 4.020000000000000000e+02
2.709300000000000000e+04 5.840000000000000000e+02
2.709900000000000000e+04 5.840000000000000000e+02
2.710400000000000000e+04 1.217000000000000000e+03
2.711600000000000000e+04 4.020000000000000000e+02
2.711900000000000000e+04 5.840000000000000000e+02
2.715400000000000000e+04 6.310000000000000000e+02
2.716000000000000000e+04 1.249000000000000000e+03
2.720200000000000000e+04 1.197000000000000000e+03
2.724100000000000000e+04 4.800000000000000000e+02
2.725200000000000000e+04 4.020000000000000000e+02
2.725800000000000000e+04 4.020000000000000000e+02
2.727300000000000000e+04 1.209000000000000000e+03
2.728300000000000000e+04 5.840000000000000000e+02
2.728600000000000000e+04 4.020000000000000000e+02
2.728900000000000000e+04 4.020000000000000000e+02
2.730900000000000000e+04 5.840000000000000000e+02
2.732000000000000000e+04 6.640000000000000000e+02
2.735200000000000000e+04 1.209000000000000000e+03
2.743400000000000000e+04 5.390000000000000000e+02
2.762600000000000000e+04 5.840000000000000000e+02
2.765500000000000000e+04 4.020000000000000000e+02
2.767400000000000000e+04 4.020000000000000000e+02
2.768000000000000000e+04 4.020000000000000000e+02
2.771300000000000000e+04 4.020000000000000000e+02
2.771900000000000000e+04 6.310000000000000000e+02
2.773300000000000000e+04 4.020000000000000000e+02
2.774700000000000000e+04 1.200000000000000000e+01
2.779100000000000000e+04 4.020000000000000000e+02
2.779700000000000000e+04 4.020000000000000000e+02
2.782500000000000000e+04 1.209000000000000000e+03
2.785500000000000000e+04 4.020000000000000000e+02
