4.630000000000000000e+02 1.620000000000000000e+02
4.970000000000000000e+02 5.470000000000000000e+02
5.050000000000000000e+02 5.940000000000000000e+02
6.110000000000000000e+02 4.440000000000000000e+02
6.940000000000000000e+02 1.120000000000000000e+03
7.020000000000000000e+02 8.560000000000000000e+02
7.540000000000000000e+02 1.620000000000000000e+02
7.680000000000000000e+02 1.620000000000000000e+02
7.690000000000000000e+02 6.470000000000000000e+02
7.910000000000000000e+02 1.620000000000000000e+02
8.590000000000000000e+02 1.620000000000000000e+02
1.069000000000000000e+03 5.470000000000000000e+02
1.160000000000000000e+03 1.211000000000000000e+03
1.554000000000000000e+03 3.090000000000000000e+02
1.678000000000000000e+03 1.348000000000000000e+03
1.680000000000000000e+03 7.460000000000000000e+02
1.868000000000000000e+03 9.720000000000000000e+02
1.871000000000000000e+03 1.303000000000000000e+03
1.984000000000000000e+03 3.610000000000000000e+02
2.022000000000000000e+03 1.160000000000000000e+02
2.026000000000000000e+03 8.620000000000000000e+02
2.315000000000000000e+03 1.210000000000000000e+03
2.347000000000000000e+03 5.840000000000000000e+02
2.398000000000000000e+03 4.400000000000000000e+02
2.437000000000000000e+03 8.940000000000000000e+02
2.579000000000000000e+03 6.160000000000000000e+02
2.624000000000000000e+03 7.020000000000000000e+02
2.631000000000000000e+03 7.020000000000000000e+02
2.638000000000000000e+03 1.045000000000000000e+03
2.678000000000000000e+03 1.210000000000000000e+03
2.679000000000000000e+03 3.250000000000000000e+02
2.694000000000000000e+03 6.130000000000000000e+02
2.697000000000000000e+03 6.130000000000000000e+02
2.737000000000000000e+03 7.020000000000000000e+02
2.758000000000000000e+03 1.040000000000000000e+03
2.875000000000000000e+03 1.210000000000000000e+03
2.957000000000000000e+03 6.130000000000000000e+02
2.968000000000000000e+03 5.270000000000000000e+02
2.996000000000000000e+03 4.810000000000000000e+02
3.086000000000000000e+03 7.020000000000000000e+02
3.153000000000000000e+03 4.020000000000000000e+02
3.195000000000000000e+03 1.352000000000000000e+03
3.217000000000000000e+03 7.400000000000000000e+02
3.291000000000000000e+03 4.020000000000000000e+02
3.345000000000000000e+03 9.000000000000000000e+00
3.483000000000000000e+03 8.390000000000000000e+02
3.499000000000000000e+03 1.323000000000000000e+03
3.624000000000000000e+03 6.680000000000000000e+02
3.651000000000000000e+03 7.020000000000000000e+02
3.672000000000000000e+03 4.310000000000000000e+02
3.673000000000000000e+03 1.373000000000000000e+03
3.741000000000000000e+03 4.020000000000000000e+02
3.841000000000000000e+03 4.020000000000000000e+02
3.852000000000000000e+03 5.840000000000000000e+02
3.888000000000000000e+03 7.020000000000000000e+02
4.138000000000000000e+03 6.310000000000000000e+02
4.256000000000000000e+03 2.710000000000000000e+02
4.322000000000000000e+03 1.210000000000000000e+03
4.343000000000000000e+03 1.196000000000000000e+03
4.376000000000000000e+03 1.210000000000000000e+03
4.385000000000000000e+03 9.720000000000000000e+02
4.426000000000000000e+03 6.310000000000000000e+02
4.476000000000000000e+03 7.380000000000000000e+02
4.563000000000000000e+03 6.450000000000000000e+02
4.689000000000000000e+03 7.020000000000000000e+02
4.825000000000000000e+03 1.210000000000000000e+03
4.867000000000000000e+03 1.113000000000000000e+03
4.926000000000000000e+03 6.780000000000000000e+02
5.238000000000000000e+03 7.530000000000000000e+02
5.301000000000000000e+03 6.300000000000000000e+02
5.325000000000000000e+03 6.400000000000000000e+02
5.340000000000000000e+03 1.620000000000000000e+02
5.384000000000000000e+03 5.270000000000000000e+02
5.412000000000000000e+03 1.224000000000000000e+03
5.477000000000000000e+03 5.800000000000000000e+02
5.591000000000000000e+03 3.870000000000000000e+02
5.696000000000000000e+03 6.400000000000000000e+02
5.817000000000000000e+03 3.870000000000000000e+02
6.016000000000000000e+03 6.780000000000000000e+02
6.232000000000000000e+03 4.100000000000000000e+02
6.327000000000000000e+03 6.400000000000000000e+02
6.352000000000000000e+03 2.590000000000000000e+02
6.442000000000000000e+03 3.870000000000000000e+02
6.484000000000000000e+03 7.540000000000000000e+02
6.502000000000000000e+03 6.400000000000000000e+02
6.644000000000000000e+03 6.400000000000000000e+02
6.774000000000000000e+03 5.620000000000000000e+02
6.785000000000000000e+03 6.650000000000000000e+02
6.800000000000000000e+03 5.800000000000000000e+02
6.819000000000000000e+03 1.201000000000000000e+03
6.883000000000000000e+03 1.210000000000000000e+03
6.884000000000000000e+03 8.740000000000000000e+02
7.160000000000000000e+03 1.960000000000000000e+02
7.237000000000000000e+03 7.660000000000000000e+02
7.247000000000000000e+03 1.040000000000000000e+03
7.323000000000000000e+03 2.010000000000000000e+02
7.380000000000000000e+03 2.020000000000000000e+02
7.381000000000000000e+03 7.540000000000000000e+02
7.450000000000000000e+03 9.870000000000000000e+02
7.470000000000000000e+03 4.380000000000000000e+02
7.599000000000000000e+03 1.279000000000000000e+03
7.691000000000000000e+03 8.950000000000000000e+02
7.742000000000000000e+03 5.840000000000000000e+02
7.775000000000000000e+03 1.201000000000000000e+03
7.790000000000000000e+03 1.105000000000000000e+03
7.826000000000000000e+03 7.600000000000000000e+02
8.036000000000000000e+03 1.000000000000000000e+01
8.099000000000000000e+03 6.250000000000000000e+02
8.127000000000000000e+03 1.800000000000000000e+01
8.150000000000000000e+03 3.250000000000000000e+02
8.183000000000000000e+03 8.000000000000000000e+00
8.186000000000000000e+03 9.600000000000000000e+01
8.221000000000000000e+03 7.510000000000000000e+02
8.246000000000000000e+03 5.620000000000000000e+02
8.262000000000000000e+03 1.323000000000000000e+03
8.269000000000000000e+03 6.250000000000000000e+02
8.290000000000000000e+03 1.350000000000000000e+02
8.407000000000000000e+03 2.350000000000000000e+02
8.417000000000000000e+03 1.200000000000000000e+01
8.448000000000000000e+03 2.300000000000000000e+01
8.451000000000000000e+03 1.176000000000000000e+03
8.805000000000000000e+03 1.215000000000000000e+03
8.895000000000000000e+03 2.680000000000000000e+02
8.896000000000000000e+03 1.100000000000000000e+01
8.930000000000000000e+03 3.500000000000000000e+01
8.968000000000000000e+03 1.200000000000000000e+01
9.053000000000000000e+03 1.295000000000000000e+03
9.338000000000000000e+03 2.910000000000000000e+02
9.430000000000000000e+03 2.960000000000000000e+02
9.446000000000000000e+03 5.500000000000000000e+01
9.483000000000000000e+03 3.980000000000000000e+02
9.535000000000000000e+03 1.210000000000000000e+03
9.550000000000000000e+03 3.050000000000000000e+02
9.590000000000000000e+03 4.000000000000000000e+01
9.615000000000000000e+03 5.800000000000000000e+01
9.618000000000000000e+03 1.210000000000000000e+03
9.884000000000000000e+03 3.900000000000000000e+01
9.991000000000000000e+03 4.200000000000000000e+01
1.004600000000000000e+04 6.160000000000000000e+02
1.010000000000000000e+04 5.200000000000000000e+01
1.023100000000000000e+04 2.290000000000000000e+02
1.023500000000000000e+04 5.940000000000000000e+02
1.030800000000000000e+04 8.600000000000000000e+01
1.031100000000000000e+04 5.400000000000000000e+02
1.045600000000000000e+04 5.220000000000000000e+02
1.054000000000000000e+04 7.000000000000000000e+02
1.064700000000000000e+04 1.070000000000000000e+02
1.064800000000000000e+04 1.080000000000000000e+02
1.084200000000000000e+04 3.950000000000000000e+02
1.086200000000000000e+04 1.217000000000000000e+03
1.094600000000000000e+04 1.100000000000000000e+02
1.099900000000000000e+04 1.210000000000000000e+03
1.109300000000000000e+04 1.210000000000000000e+03
1.116900000000000000e+04 1.200000000000000000e+02
1.117100000000000000e+04 1.210000000000000000e+03
1.118500000000000000e+04 1.190000000000000000e+02
1.120700000000000000e+04 1.430000000000000000e+02
1.125800000000000000e+04 1.210000000000000000e+03
1.126300000000000000e+04 1.210000000000000000e+03
1.127700000000000000e+04 6.250000000000000000e+02
1.135700000000000000e+04 1.240000000000000000e+02
1.141400000000000000e+04 1.580000000000000000e+02
1.143700000000000000e+04 1.210000000000000000e+03
1.151200000000000000e+04 7.960000000000000000e+02
1.158900000000000000e+04 1.210000000000000000e+03
1.168600000000000000e+04 1.550000000000000000e+02
1.170100000000000000e+04 1.310000000000000000e+02
1.187900000000000000e+04 1.289000000000000000e+03
1.194200000000000000e+04 1.770000000000000000e+02
1.194800000000000000e+04 1.211000000000000000e+03
1.212800000000000000e+04 1.210000000000000000e+03
1.215500000000000000e+04 7.440000000000000000e+02
1.223900000000000000e+04 1.210000000000000000e+03
1.230700000000000000e+04 1.210000000000000000e+03
1.261800000000000000e+04 4.280000000000000000e+02
1.264600000000000000e+04 9.500000000000000000e+01
1.273400000000000000e+04 4.280000000000000000e+02
1.275500000000000000e+04 2.580000000000000000e+02
1.287900000000000000e+04 4.670000000000000000e+02
1.297300000000000000e+04 5.400000000000000000e+02
1.298400000000000000e+04 4.020000000000000000e+02
1.299500000000000000e+04 2.760000000000000000e+02
1.303200000000000000e+04 2.260000000000000000e+02
1.309900000000000000e+04 1.279000000000000000e+03
1.319800000000000000e+04 3.130000000000000000e+02
1.324500000000000000e+04 3.140000000000000000e+02
1.335000000000000000e+04 7.030000000000000000e+02
1.347900000000000000e+04 3.010000000000000000e+02
1.353000000000000000e+04 3.290000000000000000e+02
1.354700000000000000e+04 2.800000000000000000e+02
1.354800000000000000e+04 2.790000000000000000e+02
1.357900000000000000e+04 4.770000000000000000e+02
1.358300000000000000e+04 4.040000000000000000e+02
1.358800000000000000e+04 2.850000000000000000e+02
1.363300000000000000e+04 6.700000000000000000e+02
1.368500000000000000e+04 2.660000000000000000e+02
1.369700000000000000e+04 3.330000000000000000e+02
1.370600000000000000e+04 3.330000000000000000e+02
1.375300000000000000e+04 3.020000000000000000e+02
1.378600000000000000e+04 3.120000000000000000e+02
1.382800000000000000e+04 2.940000000000000000e+02
1.387700000000000000e+04 4.020000000000000000e+02
1.391300000000000000e+04 7.020000000000000000e+02
1.394900000000000000e+04 1.131000000000000000e+03
1.397000000000000000e+04 3.030000000000000000e+02
1.397100000000000000e+04 3.680000000000000000e+02
1.397900000000000000e+04 3.450000000000000000e+02
1.405900000000000000e+04 3.770000000000000000e+02
1.407400000000000000e+04 3.630000000000000000e+02
1.415000000000000000e+04 6.310000000000000000e+02
1.417300000000000000e+04 3.710000000000000000e+02
1.418200000000000000e+04 3.750000000000000000e+02
1.425900000000000000e+04 5.390000000000000000e+02
1.426100000000000000e+04 3.770000000000000000e+02
1.428300000000000000e+04 3.790000000000000000e+02
1.431200000000000000e+04 6.250000000000000000e+02
1.436300000000000000e+04 4.400000000000000000e+02
1.437800000000000000e+04 4.670000000000000000e+02
1.438200000000000000e+04 7.020000000000000000e+02
1.439500000000000000e+04 7.020000000000000000e+02
1.440300000000000000e+04 7.890000000000000000e+02
1.455700000000000000e+04 3.490000000000000000e+02
1.464000000000000000e+04 4.020000000000000000e+02
1.465400000000000000e+04 3.940000000000000000e+02
1.472700000000000000e+04 4.020000000000000000e+02
1.475000000000000000e+04 7.890000000000000000e+02
1.476400000000000000e+04 5.840000000000000000e+02
1.482700000000000000e+04 4.020000000000000000e+02
1.485900000000000000e+04 8.260000000000000000e+02
1.490000000000000000e+04 3.420000000000000000e+02
1.491100000000000000e+04 3.700000000000000000e+02
1.491400000000000000e+04 6.860000000000000000e+02
1.491500000000000000e+04 4.020000000000000000e+02
1.497800000000000000e+04 4.020000000000000000e+02
1.498600000000000000e+04 4.530000000000000000e+02
1.499600000000000000e+04 4.060000000000000000e+02
1.503300000000000000e+04 8.310000000000000000e+02
1.508100000000000000e+04 5.840000000000000000e+02
1.512600000000000000e+04 4.540000000000000000e+02
1.513800000000000000e+04 8.390000000000000000e+02
1.518600000000000000e+04 8.370000000000000000e+02
1.520000000000000000e+04 4.130000000000000000e+02
1.523100000000000000e+04 4.140000000000000000e+02
1.524700000000000000e+04 8.390000000000000000e+02
1.529100000000000000e+04 4.180000000000000000e+02
1.529400000000000000e+04 1.210000000000000000e+03
1.529600000000000000e+04 4.440000000000000000e+02
1.529700000000000000e+04 4.450000000000000000e+02
1.530100000000000000e+04 8.450000000000000000e+02
1.530400000000000000e+04 1.040000000000000000e+03
1.531200000000000000e+04 5.890000000000000000e+02
1.531300000000000000e+04 1.210000000000000000e+03
1.531400000000000000e+04 5.840000000000000000e+02
1.532700000000000000e+04 5.410000000000000000e+02
1.532900000000000000e+04 5.620000000000000000e+02
1.535500000000000000e+04 4.700000000000000000e+02
1.535800000000000000e+04 4.020000000000000000e+02
1.537300000000000000e+04 4.220000000000000000e+02
1.539200000000000000e+04 6.680000000000000000e+02
1.541500000000000000e+04 1.343000000000000000e+03
1.541600000000000000e+04 1.342000000000000000e+03
1.541900000000000000e+04 1.210000000000000000e+03
1.542100000000000000e+04 6.680000000000000000e+02
1.543800000000000000e+04 4.020000000000000000e+02
1.548700000000000000e+04 1.211000000000000000e+03
1.549500000000000000e+04 1.210000000000000000e+03
1.557200000000000000e+04 5.390000000000000000e+02
1.557300000000000000e+04 1.210000000000000000e+03
1.557700000000000000e+04 4.020000000000000000e+02
1.563600000000000000e+04 4.020000000000000000e+02
1.564100000000000000e+04 4.700000000000000000e+02
1.567200000000000000e+04 8.390000000000000000e+02
1.569700000000000000e+04 4.700000000000000000e+02
1.569800000000000000e+04 6.300000000000000000e+02
1.569900000000000000e+04 6.310000000000000000e+02
1.570800000000000000e+04 4.630000000000000000e+02
1.575000000000000000e+04 7.830000000000000000e+02
1.576900000000000000e+04 6.310000000000000000e+02
1.582700000000000000e+04 4.430000000000000000e+02
1.583100000000000000e+04 1.210000000000000000e+03
1.586600000000000000e+04 1.210000000000000000e+03
1.588200000000000000e+04 1.540000000000000000e+02
1.589200000000000000e+04 4.480000000000000000e+02
1.595600000000000000e+04 8.390000000000000000e+02
1.598000000000000000e+04 1.210000000000000000e+03
1.598400000000000000e+04 4.700000000000000000e+02
1.598800000000000000e+04 6.160000000000000000e+02
1.601600000000000000e+04 4.380000000000000000e+02
1.602400000000000000e+04 4.550000000000000000e+02
1.604000000000000000e+04 7.590000000000000000e+02
1.609000000000000000e+04 6.680000000000000000e+02
1.609400000000000000e+04 4.020000000000000000e+02
1.609800000000000000e+04 4.020000000000000000e+02
1.611800000000000000e+04 5.840000000000000000e+02
1.612400000000000000e+04 4.430000000000000000e+02
1.612600000000000000e+04 4.620000000000000000e+02
1.612900000000000000e+04 8.620000000000000000e+02
1.613500000000000000e+04 8.390000000000000000e+02
1.614100000000000000e+04 6.000000000000000000e+02
1.614500000000000000e+04 5.840000000000000000e+02
1.618600000000000000e+04 5.620000000000000000e+02
1.622400000000000000e+04 1.187000000000000000e+03
1.624700000000000000e+04 6.250000000000000000e+02
1.625700000000000000e+04 5.180000000000000000e+02
1.626000000000000000e+04 1.187000000000000000e+03
1.626400000000000000e+04 6.060000000000000000e+02
1.627100000000000000e+04 6.020000000000000000e+02
1.629800000000000000e+04 4.710000000000000000e+02
1.631200000000000000e+04 4.700000000000000000e+02
1.632600000000000000e+04 1.210000000000000000e+03
1.633100000000000000e+04 7.030000000000000000e+02
1.634600000000000000e+04 6.680000000000000000e+02
1.635300000000000000e+04 4.700000000000000000e+02
1.637000000000000000e+04 4.280000000000000000e+02
1.638500000000000000e+04 1.187000000000000000e+03
1.638900000000000000e+04 1.210000000000000000e+03
1.641800000000000000e+04 4.020000000000000000e+02
1.642300000000000000e+04 6.720000000000000000e+02
1.643200000000000000e+04 8.560000000000000000e+02
1.648900000000000000e+04 1.210000000000000000e+03
1.652100000000000000e+04 1.210000000000000000e+03
1.653200000000000000e+04 1.210000000000000000e+03
1.653800000000000000e+04 4.020000000000000000e+02
1.656300000000000000e+04 1.210000000000000000e+03
1.658000000000000000e+04 4.020000000000000000e+02
1.658100000000000000e+04 5.840000000000000000e+02
1.662900000000000000e+04 6.290000000000000000e+02
1.674000000000000000e+04 4.910000000000000000e+02
1.677200000000000000e+04 4.940000000000000000e+02
1.677300000000000000e+04 4.700000000000000000e+02
1.679200000000000000e+04 4.670000000000000000e+02
1.680800000000000000e+04 5.180000000000000000e+02
1.689200000000000000e+04 6.860000000000000000e+02
1.692700000000000000e+04 1.292000000000000000e+03
1.693400000000000000e+04 5.840000000000000000e+02
1.695000000000000000e+04 1.210000000000000000e+03
1.696300000000000000e+04 1.210000000000000000e+03
1.700000000000000000e+04 5.090000000000000000e+02
1.705300000000000000e+04 5.110000000000000000e+02
1.706600000000000000e+04 6.290000000000000000e+02
1.708400000000000000e+04 5.210000000000000000e+02
1.708500000000000000e+04 5.120000000000000000e+02
1.713300000000000000e+04 1.400000000000000000e+02
1.714900000000000000e+04 1.210000000000000000e+03
1.715800000000000000e+04 5.140000000000000000e+02
1.717000000000000000e+04 8.490000000000000000e+02
1.717700000000000000e+04 8.500000000000000000e+02
1.720000000000000000e+04 4.700000000000000000e+02
1.720700000000000000e+04 5.180000000000000000e+02
1.722900000000000000e+04 1.210000000000000000e+03
1.724800000000000000e+04 8.230000000000000000e+02
1.733900000000000000e+04 5.290000000000000000e+02
1.735700000000000000e+04 1.210000000000000000e+03
1.742800000000000000e+04 1.218000000000000000e+03
1.743200000000000000e+04 1.210000000000000000e+03
1.743300000000000000e+04 4.020000000000000000e+02
1.746600000000000000e+04 1.210000000000000000e+03
1.747400000000000000e+04 8.020000000000000000e+02
1.747800000000000000e+04 4.020000000000000000e+02
1.748900000000000000e+04 8.870000000000000000e+02
1.749600000000000000e+04 5.840000000000000000e+02
1.753400000000000000e+04 5.380000000000000000e+02
1.755300000000000000e+04 4.020000000000000000e+02
1.759000000000000000e+04 6.250000000000000000e+02
1.759400000000000000e+04 5.180000000000000000e+02
1.760400000000000000e+04 1.650000000000000000e+02
1.763500000000000000e+04 1.317000000000000000e+03
1.763700000000000000e+04 5.400000000000000000e+02
1.765700000000000000e+04 4.700000000000000000e+02
1.769200000000000000e+04 4.020000000000000000e+02
1.772100000000000000e+04 3.420000000000000000e+02
1.772300000000000000e+04 5.440000000000000000e+02
1.772400000000000000e+04 1.210000000000000000e+03
1.772800000000000000e+04 5.490000000000000000e+02
1.773100000000000000e+04 5.840000000000000000e+02
1.773600000000000000e+04 5.560000000000000000e+02
1.775800000000000000e+04 9.280000000000000000e+02
1.788900000000000000e+04 5.690000000000000000e+02
1.789800000000000000e+04 7.500000000000000000e+02
1.789900000000000000e+04 7.510000000000000000e+02
1.791100000000000000e+04 1.210000000000000000e+03
1.793700000000000000e+04 7.890000000000000000e+02
1.794600000000000000e+04 7.530000000000000000e+02
1.795000000000000000e+04 7.550000000000000000e+02
1.796700000000000000e+04 6.520000000000000000e+02
1.799600000000000000e+04 6.400000000000000000e+02
1.802600000000000000e+04 6.090000000000000000e+02
1.810700000000000000e+04 4.210000000000000000e+02
1.811200000000000000e+04 5.840000000000000000e+02
1.820600000000000000e+04 5.390000000000000000e+02
1.825300000000000000e+04 1.210000000000000000e+03
1.826200000000000000e+04 5.840000000000000000e+02
1.831600000000000000e+04 4.020000000000000000e+02
1.832300000000000000e+04 5.210000000000000000e+02
1.834100000000000000e+04 1.210000000000000000e+03
1.834400000000000000e+04 9.600000000000000000e+02
1.844600000000000000e+04 1.210000000000000000e+03
1.851500000000000000e+04 4.800000000000000000e+02
1.852700000000000000e+04 6.290000000000000000e+02
1.854100000000000000e+04 4.810000000000000000e+02
1.855500000000000000e+04 5.650000000000000000e+02
1.857100000000000000e+04 6.250000000000000000e+02
1.860600000000000000e+04 5.840000000000000000e+02
1.863400000000000000e+04 6.300000000000000000e+02
1.865800000000000000e+04 5.200000000000000000e+02
1.869100000000000000e+04 7.590000000000000000e+02
1.870200000000000000e+04 5.840000000000000000e+02
1.870400000000000000e+04 7.590000000000000000e+02
1.879300000000000000e+04 7.590000000000000000e+02
1.884700000000000000e+04 7.590000000000000000e+02
1.885100000000000000e+04 6.040000000000000000e+02
1.885800000000000000e+04 7.590000000000000000e+02
1.886700000000000000e+04 6.990000000000000000e+02
1.887000000000000000e+04 8.390000000000000000e+02
1.907900000000000000e+04 6.780000000000000000e+02
1.909500000000000000e+04 6.780000000000000000e+02
1.910100000000000000e+04 6.520000000000000000e+02
1.910700000000000000e+04 6.500000000000000000e+02
1.912500000000000000e+04 6.200000000000000000e+02
1.913300000000000000e+04 5.150000000000000000e+02
1.916500000000000000e+04 4.020000000000000000e+02
1.923300000000000000e+04 4.020000000000000000e+02
1.928900000000000000e+04 5.230000000000000000e+02
1.929500000000000000e+04 5.840000000000000000e+02
1.931000000000000000e+04 4.020000000000000000e+02
1.933600000000000000e+04 1.210000000000000000e+03
1.933900000000000000e+04 5.840000000000000000e+02
1.935300000000000000e+04 4.020000000000000000e+02
1.940000000000000000e+04 5.960000000000000000e+02
1.940800000000000000e+04 5.270000000000000000e+02
1.941200000000000000e+04 4.020000000000000000e+02
1.941300000000000000e+04 6.010000000000000000e+02
1.945900000000000000e+04 6.090000000000000000e+02
1.947400000000000000e+04 7.180000000000000000e+02
1.947800000000000000e+04 6.780000000000000000e+02
1.948700000000000000e+04 7.050000000000000000e+02
1.951300000000000000e+04 4.880000000000000000e+02
1.958700000000000000e+04 8.100000000000000000e+02
1.960800000000000000e+04 5.960000000000000000e+02
1.960900000000000000e+04 5.260000000000000000e+02
1.961100000000000000e+04 5.960000000000000000e+02
1.961200000000000000e+04 5.260000000000000000e+02
1.963000000000000000e+04 6.800000000000000000e+02
1.963500000000000000e+04 5.420000000000000000e+02
1.964400000000000000e+04 6.780000000000000000e+02
1.964700000000000000e+04 5.960000000000000000e+02
1.965000000000000000e+04 5.430000000000000000e+02
1.969900000000000000e+04 1.218000000000000000e+03
1.970900000000000000e+04 6.780000000000000000e+02
1.972400000000000000e+04 6.780000000000000000e+02
1.973300000000000000e+04 5.960000000000000000e+02
1.973900000000000000e+04 6.780000000000000000e+02
1.974100000000000000e+04 5.960000000000000000e+02
1.974400000000000000e+04 1.210000000000000000e+03
1.979400000000000000e+04 1.210000000000000000e+03
1.981500000000000000e+04 1.303000000000000000e+03
1.983800000000000000e+04 5.530000000000000000e+02
1.985900000000000000e+04 1.303000000000000000e+03
1.986000000000000000e+04 4.020000000000000000e+02
1.986900000000000000e+04 6.760000000000000000e+02
1.987000000000000000e+04 3.990000000000000000e+02
1.987500000000000000e+04 5.540000000000000000e+02
1.987600000000000000e+04 5.550000000000000000e+02
1.996600000000000000e+04 6.680000000000000000e+02
2.001200000000000000e+04 1.210000000000000000e+03
2.003400000000000000e+04 1.218000000000000000e+03
2.007300000000000000e+04 5.840000000000000000e+02
2.008100000000000000e+04 5.960000000000000000e+02
2.012000000000000000e+04 1.210000000000000000e+03
2.013600000000000000e+04 7.180000000000000000e+02
2.014100000000000000e+04 4.100000000000000000e+02
2.018800000000000000e+04 5.840000000000000000e+02
2.019300000000000000e+04 6.500000000000000000e+02
2.019600000000000000e+04 5.990000000000000000e+02
2.021000000000000000e+04 6.780000000000000000e+02
2.022500000000000000e+04 6.500000000000000000e+02
2.023500000000000000e+04 5.750000000000000000e+02
2.023800000000000000e+04 6.510000000000000000e+02
2.023900000000000000e+04 6.520000000000000000e+02
2.026700000000000000e+04 4.020000000000000000e+02
2.031900000000000000e+04 5.960000000000000000e+02
2.032000000000000000e+04 5.260000000000000000e+02
2.033200000000000000e+04 3.320000000000000000e+02
2.039700000000000000e+04 4.590000000000000000e+02
2.040900000000000000e+04 7.070000000000000000e+02
2.046000000000000000e+04 6.780000000000000000e+02
2.047400000000000000e+04 3.990000000000000000e+02
2.048100000000000000e+04 5.960000000000000000e+02
2.050800000000000000e+04 7.050000000000000000e+02
2.053800000000000000e+04 3.970000000000000000e+02
2.057600000000000000e+04 5.920000000000000000e+02
2.059000000000000000e+04 1.000000000000000000e+01
2.064200000000000000e+04 7.030000000000000000e+02
2.066600000000000000e+04 7.160000000000000000e+02
2.069800000000000000e+04 5.900000000000000000e+02
2.072600000000000000e+04 6.350000000000000000e+02
2.074500000000000000e+04 5.840000000000000000e+02
2.077300000000000000e+04 9.720000000000000000e+02
2.078800000000000000e+04 1.017000000000000000e+03
2.083000000000000000e+04 7.180000000000000000e+02
2.083100000000000000e+04 4.020000000000000000e+02
2.087400000000000000e+04 4.020000000000000000e+02
2.092800000000000000e+04 5.270000000000000000e+02
2.093900000000000000e+04 9.720000000000000000e+02
2.097600000000000000e+04 3.920000000000000000e+02
2.098900000000000000e+04 6.780000000000000000e+02
2.104700000000000000e+04 8.000000000000000000e+01
2.107600000000000000e+04 7.280000000000000000e+02
2.111300000000000000e+04 4.020000000000000000e+02
2.117300000000000000e+04 6.180000000000000000e+02
2.118500000000000000e+04 7.000000000000000000e+02
2.118600000000000000e+04 6.990000000000000000e+02
2.126900000000000000e+04 4.020000000000000000e+02
2.127200000000000000e+04 8.680000000000000000e+02
2.133400000000000000e+04 6.230000000000000000e+02
2.135100000000000000e+04 7.680000000000000000e+02
2.140300000000000000e+04 6.260000000000000000e+02
2.141700000000000000e+04 2.580000000000000000e+02
2.144300000000000000e+04 7.200000000000000000e+02
2.146000000000000000e+04 1.356000000000000000e+03
2.150700000000000000e+04 4.020000000000000000e+02
2.151900000000000000e+04 6.280000000000000000e+02
2.158000000000000000e+04 7.460000000000000000e+02
2.161000000000000000e+04 4.020000000000000000e+02
2.161300000000000000e+04 4.020000000000000000e+02
2.164400000000000000e+04 5.840000000000000000e+02
2.165400000000000000e+04 1.184000000000000000e+03
2.171800000000000000e+04 6.330000000000000000e+02
2.173300000000000000e+04 6.000000000000000000e+02
2.175200000000000000e+04 7.590000000000000000e+02
2.179800000000000000e+04 4.020000000000000000e+02
2.184300000000000000e+04 1.323000000000000000e+03
2.187900000000000000e+04 1.167000000000000000e+03
2.188400000000000000e+04 1.184000000000000000e+03
2.192800000000000000e+04 6.480000000000000000e+02
2.192900000000000000e+04 6.490000000000000000e+02
2.195500000000000000e+04 4.020000000000000000e+02
2.197500000000000000e+04 6.470000000000000000e+02
2.201000000000000000e+04 7.330000000000000000e+02
2.202000000000000000e+04 7.310000000000000000e+02
2.202600000000000000e+04 6.500000000000000000e+02
2.206500000000000000e+04 8.900000000000000000e+02
2.209900000000000000e+04 8.280000000000000000e+02
2.212200000000000000e+04 6.610000000000000000e+02
2.215900000000000000e+04 3.010000000000000000e+02
2.218400000000000000e+04 1.184000000000000000e+03
2.221300000000000000e+04 7.720000000000000000e+02
2.224200000000000000e+04 7.730000000000000000e+02
2.228300000000000000e+04 5.840000000000000000e+02
2.229100000000000000e+04 7.760000000000000000e+02
2.234100000000000000e+04 2.330000000000000000e+02
2.237600000000000000e+04 5.840000000000000000e+02
2.243500000000000000e+04 7.820000000000000000e+02
2.245200000000000000e+04 7.840000000000000000e+02
2.245900000000000000e+04 1.210000000000000000e+03
2.250100000000000000e+04 1.039000000000000000e+03
2.250200000000000000e+04 1.040000000000000000e+03
2.253100000000000000e+04 1.210000000000000000e+03
2.255200000000000000e+04 5.270000000000000000e+02
2.258800000000000000e+04 4.310000000000000000e+02
2.259000000000000000e+04 8.620000000000000000e+02
2.259900000000000000e+04 6.710000000000000000e+02
2.261900000000000000e+04 7.180000000000000000e+02
2.265600000000000000e+04 1.620000000000000000e+02
2.265700000000000000e+04 1.620000000000000000e+02
2.277700000000000000e+04 7.970000000000000000e+02
2.282600000000000000e+04 7.590000000000000000e+02
2.284500000000000000e+04 5.840000000000000000e+02
2.286400000000000000e+04 3.910000000000000000e+02
2.286800000000000000e+04 7.590000000000000000e+02
2.287600000000000000e+04 8.020000000000000000e+02
2.288300000000000000e+04 7.590000000000000000e+02
2.288600000000000000e+04 7.590000000000000000e+02
2.290000000000000000e+04 7.590000000000000000e+02
2.290700000000000000e+04 5.840000000000000000e+02
2.293100000000000000e+04 5.840000000000000000e+02
2.297900000000000000e+04 8.030000000000000000e+02
2.301500000000000000e+04 9.900000000000000000e+02
2.306900000000000000e+04 8.120000000000000000e+02
2.307900000000000000e+04 5.530000000000000000e+02
2.320100000000000000e+04 2.300000000000000000e+02
2.321300000000000000e+04 4.020000000000000000e+02
2.322000000000000000e+04 4.020000000000000000e+02
2.323700000000000000e+04 1.285000000000000000e+03
2.325600000000000000e+04 5.840000000000000000e+02
2.327500000000000000e+04 1.118000000000000000e+03
2.333700000000000000e+04 8.190000000000000000e+02
2.342000000000000000e+04 1.039000000000000000e+03
2.350000000000000000e+04 5.840000000000000000e+02
2.350600000000000000e+04 5.840000000000000000e+02
2.353000000000000000e+04 4.020000000000000000e+02
2.353500000000000000e+04 5.800000000000000000e+01
2.360100000000000000e+04 4.020000000000000000e+02
2.360400000000000000e+04 5.840000000000000000e+02
2.361900000000000000e+04 1.540000000000000000e+02
2.365800000000000000e+04 1.303000000000000000e+03
2.367900000000000000e+04 6.310000000000000000e+02
2.371700000000000000e+04 8.020000000000000000e+02
2.373200000000000000e+04 8.460000000000000000e+02
2.374900000000000000e+04 8.360000000000000000e+02
2.376000000000000000e+04 1.187000000000000000e+03
2.376700000000000000e+04 8.380000000000000000e+02
2.381200000000000000e+04 8.350000000000000000e+02
2.381800000000000000e+04 1.039000000000000000e+03
2.382400000000000000e+04 8.730000000000000000e+02
2.390200000000000000e+04 8.720000000000000000e+02
2.394500000000000000e+04 8.350000000000000000e+02
2.394600000000000000e+04 4.670000000000000000e+02
2.397800000000000000e+04 5.840000000000000000e+02
2.397900000000000000e+04 8.770000000000000000e+02
2.404800000000000000e+04 8.510000000000000000e+02
2.407500000000000000e+04 8.680000000000000000e+02
2.408900000000000000e+04 8.620000000000000000e+02
2.410400000000000000e+04 8.930000000000000000e+02
2.412400000000000000e+04 8.630000000000000000e+02
2.416000000000000000e+04 1.379000000000000000e+03
2.418500000000000000e+04 5.250000000000000000e+02
2.419800000000000000e+04 1.370000000000000000e+02
2.420400000000000000e+04 5.100000000000000000e+01
2.429200000000000000e+04 8.950000000000000000e+02
2.430500000000000000e+04 9.040000000000000000e+02
2.432000000000000000e+04 8.710000000000000000e+02
2.435600000000000000e+04 1.039000000000000000e+03
2.435700000000000000e+04 1.040000000000000000e+03
2.436200000000000000e+04 1.540000000000000000e+02
2.436300000000000000e+04 8.740000000000000000e+02
2.439400000000000000e+04 4.670000000000000000e+02
2.444500000000000000e+04 8.390000000000000000e+02
2.448400000000000000e+04 9.050000000000000000e+02
2.455400000000000000e+04 9.220000000000000000e+02
2.460700000000000000e+04 6.130000000000000000e+02
2.463600000000000000e+04 8.850000000000000000e+02
2.465100000000000000e+04 8.050000000000000000e+02
2.471600000000000000e+04 1.040000000000000000e+03
2.474600000000000000e+04 6.030000000000000000e+02
2.474900000000000000e+04 8.840000000000000000e+02
2.486400000000000000e+04 6.810000000000000000e+02
2.487300000000000000e+04 6.810000000000000000e+02
2.487700000000000000e+04 5.400000000000000000e+02
2.490600000000000000e+04 1.540000000000000000e+02
2.494800000000000000e+04 7.370000000000000000e+02
2.498300000000000000e+04 3.990000000000000000e+02
2.501800000000000000e+04 9.870000000000000000e+02
2.518400000000000000e+04 9.820000000000000000e+02
2.521000000000000000e+04 9.900000000000000000e+02
2.521200000000000000e+04 9.310000000000000000e+02
2.521300000000000000e+04 1.210000000000000000e+03
2.522600000000000000e+04 7.020000000000000000e+02
2.523300000000000000e+04 1.002000000000000000e+03
2.524500000000000000e+04 9.180000000000000000e+02
2.531500000000000000e+04 1.210000000000000000e+03
2.532200000000000000e+04 9.850000000000000000e+02
2.532600000000000000e+04 9.410000000000000000e+02
2.535400000000000000e+04 4.900000000000000000e+02
2.537500000000000000e+04 9.150000000000000000e+02
2.540800000000000000e+04 9.890000000000000000e+02
2.547000000000000000e+04 1.016000000000000000e+03
2.551200000000000000e+04 1.011000000000000000e+03
2.552900000000000000e+04 9.610000000000000000e+02
2.554700000000000000e+04 9.720000000000000000e+02
2.556300000000000000e+04 2.030000000000000000e+02
2.557100000000000000e+04 1.042000000000000000e+03
2.558000000000000000e+04 1.028000000000000000e+03
2.560900000000000000e+04 1.017000000000000000e+03
2.561200000000000000e+04 1.019000000000000000e+03
2.565500000000000000e+04 1.008000000000000000e+03
2.569600000000000000e+04 1.332000000000000000e+03
2.571900000000000000e+04 1.007000000000000000e+03
2.582600000000000000e+04 1.012000000000000000e+03
2.583200000000000000e+04 1.079000000000000000e+03
2.586200000000000000e+04 1.059000000000000000e+03
2.595400000000000000e+04 9.520000000000000000e+02
2.600500000000000000e+04 1.063000000000000000e+03
2.603100000000000000e+04 9.570000000000000000e+02
2.605000000000000000e+04 9.640000000000000000e+02
2.605300000000000000e+04 9.540000000000000000e+02
2.606700000000000000e+04 1.068000000000000000e+03
2.607300000000000000e+04 4.010000000000000000e+02
2.615100000000000000e+04 9.660000000000000000e+02
2.615400000000000000e+04 6.310000000000000000e+02
2.616400000000000000e+04 8.650000000000000000e+02
2.617800000000000000e+04 1.114000000000000000e+03
2.620300000000000000e+04 9.420000000000000000e+02
2.621400000000000000e+04 9.690000000000000000e+02
2.629400000000000000e+04 1.315000000000000000e+03
2.635000000000000000e+04 1.034000000000000000e+03
2.635200000000000000e+04 1.015000000000000000e+03
2.636400000000000000e+04 1.089000000000000000e+03
2.637200000000000000e+04 1.102000000000000000e+03
2.641200000000000000e+04 9.800000000000000000e+02
2.642900000000000000e+04 1.218000000000000000e+03
2.647100000000000000e+04 1.115000000000000000e+03
2.648200000000000000e+04 9.790000000000000000e+02
2.648500000000000000e+04 1.104000000000000000e+03
2.648700000000000000e+04 9.790000000000000000e+02
2.656400000000000000e+04 1.111000000000000000e+03
2.658200000000000000e+04 1.130000000000000000e+03
2.666800000000000000e+04 6.310000000000000000e+02
2.668300000000000000e+04 1.123000000000000000e+03
2.671200000000000000e+04 1.087000000000000000e+03
2.672600000000000000e+04 9.900000000000000000e+01
2.674600000000000000e+04 1.005000000000000000e+03
2.679900000000000000e+04 1.136000000000000000e+03
2.681700000000000000e+04 1.130000000000000000e+02
2.681900000000000000e+04 1.064000000000000000e+03
2.687500000000000000e+04 5.340000000000000000e+02
2.687700000000000000e+04 1.135000000000000000e+03
2.688500000000000000e+04 1.140000000000000000e+03
2.689300000000000000e+04 1.070000000000000000e+03
2.691600000000000000e+04 1.099000000000000000e+03
2.693600000000000000e+04 1.149000000000000000e+03
2.694000000000000000e+04 5.400000000000000000e+02
2.695000000000000000e+04 1.151000000000000000e+03
2.696800000000000000e+04 4.880000000000000000e+02
2.700300000000000000e+04 5.400000000000000000e+02
2.705900000000000000e+04 1.168000000000000000e+03
2.710300000000000000e+04 1.119000000000000000e+03
2.711100000000000000e+04 1.074000000000000000e+03
2.711700000000000000e+04 5.400000000000000000e+02
2.714800000000000000e+04 1.500000000000000000e+01
2.715200000000000000e+04 1.101000000000000000e+03
2.717900000000000000e+04 1.118000000000000000e+03
2.719000000000000000e+04 1.172000000000000000e+03
2.720500000000000000e+04 1.700000000000000000e+02
2.723600000000000000e+04 1.175000000000000000e+03
2.723700000000000000e+04 1.072000000000000000e+03
2.724600000000000000e+04 1.116000000000000000e+03
2.726800000000000000e+04 1.137000000000000000e+03
2.729000000000000000e+04 1.083000000000000000e+03
2.729500000000000000e+04 3.920000000000000000e+02
2.731700000000000000e+04 1.180000000000000000e+03
2.734900000000000000e+04 1.176000000000000000e+03
2.750200000000000000e+04 1.141000000000000000e+03
2.757000000000000000e+04 1.055000000000000000e+03
2.758100000000000000e+04 1.100000000000000000e+01
2.758200000000000000e+04 1.197000000000000000e+03
2.759600000000000000e+04 1.092000000000000000e+03
2.760400000000000000e+04 1.199000000000000000e+03
2.760900000000000000e+04 1.113000000000000000e+03
2.764300000000000000e+04 1.097000000000000000e+03
2.764600000000000000e+04 1.118000000000000000e+03
2.767900000000000000e+04 1.182000000000000000e+03
2.769600000000000000e+04 1.169000000000000000e+03
2.771700000000000000e+04 1.106000000000000000e+03
2.775100000000000000e+04 1.204000000000000000e+03
2.783500000000000000e+04 1.207000000000000000e+03
2.793200000000000000e+04 1.128000000000000000e+03
2.796900000000000000e+04 1.240000000000000000e+02
2.806300000000000000e+04 4.880000000000000000e+02
2.807600000000000000e+04 1.223000000000000000e+03
2.808900000000000000e+04 5.390000000000000000e+02
2.809200000000000000e+04 1.218000000000000000e+03
2.814200000000000000e+04 1.170000000000000000e+03
2.816600000000000000e+04 1.234000000000000000e+03
2.816700000000000000e+04 1.224000000000000000e+03
2.817300000000000000e+04 1.319000000000000000e+03
2.819600000000000000e+04 4.020000000000000000e+02
2.820400000000000000e+04 1.229000000000000000e+03
2.820700000000000000e+04 1.234000000000000000e+03
2.821000000000000000e+04 1.232000000000000000e+03
2.826600000000000000e+04 1.240000000000000000e+03
2.828300000000000000e+04 5.940000000000000000e+02
2.828800000000000000e+04 6.520000000000000000e+02
2.829900000000000000e+04 1.303000000000000000e+03
2.832900000000000000e+04 1.210000000000000000e+03
2.833100000000000000e+04 1.251000000000000000e+03
2.837000000000000000e+04 1.218000000000000000e+03
2.837200000000000000e+04 1.210000000000000000e+03
2.838300000000000000e+04 1.261000000000000000e+03
2.842700000000000000e+04 1.213000000000000000e+03
2.844100000000000000e+04 1.260000000000000000e+03
2.844600000000000000e+04 5.270000000000000000e+02
2.847700000000000000e+04 4.020000000000000000e+02
2.850500000000000000e+04 4.020000000000000000e+02
2.852700000000000000e+04 1.266000000000000000e+03
2.854200000000000000e+04 1.210000000000000000e+03
2.860300000000000000e+04 1.271000000000000000e+03
2.869600000000000000e+04 1.215000000000000000e+03
2.869800000000000000e+04 1.217000000000000000e+03
2.870900000000000000e+04 1.348000000000000000e+03
2.873600000000000000e+04 1.227000000000000000e+03
2.873700000000000000e+04 1.228000000000000000e+03
2.876200000000000000e+04 1.275000000000000000e+03
2.876800000000000000e+04 1.235000000000000000e+03
2.878200000000000000e+04 1.282000000000000000e+03
2.881800000000000000e+04 8.340000000000000000e+02
2.882100000000000000e+04 5.840000000000000000e+02
2.885000000000000000e+04 1.201000000000000000e+03
2.885100000000000000e+04 1.303000000000000000e+03
2.888700000000000000e+04 1.317000000000000000e+03
2.888800000000000000e+04 1.210000000000000000e+03
2.892900000000000000e+04 1.246000000000000000e+03
2.893600000000000000e+04 1.289000000000000000e+03
2.894500000000000000e+04 1.210000000000000000e+03
2.894600000000000000e+04 1.276000000000000000e+03
2.897000000000000000e+04 1.278000000000000000e+03
2.897400000000000000e+04 1.293000000000000000e+03
2.897900000000000000e+04 6.400000000000000000e+02
2.901500000000000000e+04 1.303000000000000000e+03
2.901600000000000000e+04 4.800000000000000000e+02
2.905900000000000000e+04 4.020000000000000000e+02
2.906000000000000000e+04 4.020000000000000000e+02
2.907300000000000000e+04 4.020000000000000000e+02
2.909600000000000000e+04 5.840000000000000000e+02
2.910300000000000000e+04 1.325000000000000000e+03
2.912700000000000000e+04 1.264000000000000000e+03
2.912800000000000000e+04 1.265000000000000000e+03
2.919300000000000000e+04 1.210000000000000000e+03
2.926600000000000000e+04 1.303000000000000000e+03
2.933000000000000000e+04 1.303000000000000000e+03
2.936000000000000000e+04 1.339000000000000000e+03
2.936400000000000000e+04 1.303000000000000000e+03
2.939100000000000000e+04 4.020000000000000000e+02
2.941700000000000000e+04 1.210000000000000000e+03
2.943000000000000000e+04 5.210000000000000000e+02
2.951600000000000000e+04 3.000000000000000000e+02
2.954600000000000000e+04 1.303000000000000000e+03
2.955300000000000000e+04 4.020000000000000000e+02
2.956500000000000000e+04 8.300000000000000000e+02
2.956900000000000000e+04 1.327000000000000000e+03
2.959500000000000000e+04 5.390000000000000000e+02
2.961000000000000000e+04 1.319000000000000000e+03
2.961100000000000000e+04 1.303000000000000000e+03
2.965600000000000000e+04 1.000000000000000000e+01
2.968500000000000000e+04 1.331000000000000000e+03
2.974500000000000000e+04 1.980000000000000000e+02
2.975300000000000000e+04 1.299000000000000000e+03
2.980800000000000000e+04 1.350000000000000000e+03
2.982500000000000000e+04 1.338000000000000000e+03
2.989900000000000000e+04 1.302000000000000000e+03
2.994100000000000000e+04 1.358000000000000000e+03
2.996000000000000000e+04 1.366000000000000000e+03
2.997700000000000000e+04 1.351000000000000000e+03
2.997900000000000000e+04 1.000000000000000000e+01
3.006100000000000000e+04 1.368000000000000000e+03
3.010300000000000000e+04 1.000000000000000000e+01
3.015400000000000000e+04 1.364000000000000000e+03
3.020000000000000000e+04 1.335000000000000000e+03
3.020300000000000000e+04 1.315000000000000000e+03
3.023000000000000000e+04 1.210000000000000000e+03
3.036400000000000000e+04 1.330000000000000000e+03
3.037200000000000000e+04 1.363000000000000000e+03
3.042300000000000000e+04 1.352000000000000000e+03
3.047800000000000000e+04 1.336000000000000000e+03
3.047900000000000000e+04 1.337000000000000000e+03
3.055300000000000000e+04 9.600000000000000000e+01
3.062200000000000000e+04 1.345000000000000000e+03
3.063300000000000000e+04 1.382000000000000000e+03
3.064300000000000000e+04 1.370000000000000000e+03
3.075200000000000000e+04 1.388000000000000000e+03
3.075600000000000000e+04 1.382000000000000000e+03
3.075900000000000000e+04 1.302000000000000000e+03
3.076700000000000000e+04 1.373000000000000000e+03
3.077900000000000000e+04 1.386000000000000000e+03
3.086300000000000000e+04 1.342000000000000000e+03
3.086400000000000000e+04 1.343000000000000000e+03
3.090100000000000000e+04 1.302000000000000000e+03
3.095800000000000000e+04 1.379000000000000000e+03
3.119700000000000000e+04 4.130000000000000000e+02
3.120100000000000000e+04 2.180000000000000000e+02
3.131600000000000000e+04 6.400000000000000000e+02
3.136600000000000000e+04 1.332000000000000000e+03
3.139000000000000000e+04 9.720000000000000000e+02
3.179100000000000000e+04 1.391000000000000000e+03
3.180700000000000000e+04 1.218000000000000000e+03
3.188700000000000000e+04 4.290000000000000000e+02
3.204400000000000000e+04 7.370000000000000000e+02
3.217400000000000000e+04 7.310000000000000000e+02
3.238900000000000000e+04 6.310000000000000000e+02
3.262200000000000000e+04 2.720000000000000000e+02
3.272300000000000000e+04 5.840000000000000000e+02
3.285200000000000000e+04 9.180000000000000000e+02
3.288800000000000000e+04 4.160000000000000000e+02
3.298200000000000000e+04 4.020000000000000000e+02
3.298600000000000000e+04 5.840000000000000000e+02
3.319600000000000000e+04 5.400000000000000000e+02
3.324600000000000000e+04 5.170000000000000000e+02
3.326900000000000000e+04 4.310000000000000000e+02
3.334000000000000000e+04 4.820000000000000000e+02
3.335900000000000000e+04 4.020000000000000000e+02
3.365700000000000000e+04 1.201000000000000000e+03
3.377900000000000000e+04 1.289000000000000000e+03
3.393900000000000000e+04 9.720000000000000000e+02
3.408500000000000000e+04 1.209000000000000000e+03
3.422600000000000000e+04 5.840000000000000000e+02
3.434900000000000000e+04 4.880000000000000000e+02
3.435100000000000000e+04 4.020000000000000000e+02
3.482900000000000000e+04 7.970000000000000000e+02
