4.770000000000000000e+02
5.810000000000000000e+02
6.410000000000000000e+02
6.430000000000000000e+02
6.590000000000000000e+02
6.650000000000000000e+02
6.660000000000000000e+02
6.680000000000000000e+02
6.730000000000000000e+02
6.740000000000000000e+02
6.750000000000000000e+02
6.770000000000000000e+02
6.870000000000000000e+02
6.950000000000000000e+02
7.000000000000000000e+02
7.020000000000000000e+02
7.100000000000000000e+02
7.180000000000000000e+02
7.250000000000000000e+02
7.270000000000000000e+02
7.280000000000000000e+02
7.310000000000000000e+02
7.320000000000000000e+02
7.330000000000000000e+02
7.360000000000000000e+02
7.470000000000000000e+02
7.480000000000000000e+02
7.510000000000000000e+02
7.520000000000000000e+02
7.540000000000000000e+02
7.560000000000000000e+02
7.640000000000000000e+02
7.750000000000000000e+02
7.780000000000000000e+02
7.850000000000000000e+02
7.860000000000000000e+02
7.880000000000000000e+02
7.890000000000000000e+02
7.910000000000000000e+02
7.960000000000000000e+02
7.980000000000000000e+02
8.040000000000000000e+02
8.050000000000000000e+02
8.100000000000000000e+02
8.160000000000000000e+02
8.210000000000000000e+02
8.260000000000000000e+02
8.270000000000000000e+02
8.320000000000000000e+02
8.380000000000000000e+02
8.390000000000000000e+02
8.400000000000000000e+02
8.410000000000000000e+02
8.440000000000000000e+02
8.450000000000000000e+02
8.460000000000000000e+02
8.470000000000000000e+02
8.480000000000000000e+02
8.490000000000000000e+02
8.500000000000000000e+02
8.510000000000000000e+02
8.520000000000000000e+02
8.530000000000000000e+02
8.540000000000000000e+02
8.550000000000000000e+02
8.560000000000000000e+02
8.570000000000000000e+02
8.580000000000000000e+02
8.590000000000000000e+02
8.610000000000000000e+02
8.640000000000000000e+02
8.650000000000000000e+02
8.660000000000000000e+02
8.670000000000000000e+02
8.680000000000000000e+02
8.690000000000000000e+02
8.700000000000000000e+02
8.710000000000000000e+02
8.720000000000000000e+02
8.730000000000000000e+02
8.760000000000000000e+02
8.770000000000000000e+02
8.810000000000000000e+02
8.850000000000000000e+02
8.860000000000000000e+02
8.870000000000000000e+02
8.890000000000000000e+02
8.910000000000000000e+02
8.920000000000000000e+02
8.940000000000000000e+02
8.950000000000000000e+02
8.960000000000000000e+02
8.980000000000000000e+02
8.990000000000000000e+02
9.000000000000000000e+02
9.010000000000000000e+02
9.020000000000000000e+02
9.030000000000000000e+02
9.040000000000000000e+02
9.050000000000000000e+02
9.060000000000000000e+02
9.090000000000000000e+02
9.110000000000000000e+02
9.120000000000000000e+02
9.130000000000000000e+02
9.140000000000000000e+02
9.160000000000000000e+02
9.170000000000000000e+02
9.180000000000000000e+02
9.190000000000000000e+02
9.200000000000000000e+02
9.220000000000000000e+02
9.230000000000000000e+02
9.240000000000000000e+02
9.250000000000000000e+02
9.260000000000000000e+02
9.270000000000000000e+02
9.280000000000000000e+02
9.290000000000000000e+02
9.300000000000000000e+02
9.310000000000000000e+02
9.320000000000000000e+02
9.330000000000000000e+02
9.350000000000000000e+02
9.360000000000000000e+02
9.410000000000000000e+02
9.430000000000000000e+02
9.450000000000000000e+02
9.460000000000000000e+02
9.470000000000000000e+02
9.490000000000000000e+02
9.510000000000000000e+02
9.520000000000000000e+02
9.530000000000000000e+02
9.540000000000000000e+02
9.560000000000000000e+02
9.570000000000000000e+02
9.590000000000000000e+02
9.600000000000000000e+02
9.610000000000000000e+02
9.630000000000000000e+02
9.640000000000000000e+02
9.650000000000000000e+02
9.660000000000000000e+02
9.670000000000000000e+02
9.680000000000000000e+02
9.700000000000000000e+02
9.710000000000000000e+02
9.720000000000000000e+02
9.730000000000000000e+02
9.740000000000000000e+02
9.750000000000000000e+02
9.760000000000000000e+02
9.770000000000000000e+02
9.780000000000000000e+02
9.790000000000000000e+02
9.800000000000000000e+02
9.810000000000000000e+02
9.820000000000000000e+02
9.840000000000000000e+02
9.860000000000000000e+02
9.870000000000000000e+02
9.880000000000000000e+02
9.900000000000000000e+02
9.910000000000000000e+02
9.920000000000000000e+02
9.940000000000000000e+02
9.950000000000000000e+02
9.970000000000000000e+02
9.980000000000000000e+02
9.990000000000000000e+02
1.000000000000000000e+03
1.001000000000000000e+03
1.002000000000000000e+03
1.003000000000000000e+03
1.004000000000000000e+03
1.007000000000000000e+03
1.008000000000000000e+03
1.009000000000000000e+03
1.010000000000000000e+03
1.011000000000000000e+03
1.012000000000000000e+03
1.014000000000000000e+03
1.015000000000000000e+03
1.016000000000000000e+03
1.017000000000000000e+03
1.018000000000000000e+03
1.019000000000000000e+03
1.021000000000000000e+03
1.023000000000000000e+03
1.024000000000000000e+03
1.025000000000000000e+03
1.026000000000000000e+03
1.027000000000000000e+03
1.028000000000000000e+03
1.030000000000000000e+03
1.031000000000000000e+03
1.032000000000000000e+03
1.034000000000000000e+03
1.035000000000000000e+03
1.036000000000000000e+03
1.037000000000000000e+03
1.038000000000000000e+03
1.039000000000000000e+03
1.040000000000000000e+03
1.041000000000000000e+03
1.044000000000000000e+03
1.046000000000000000e+03
1.047000000000000000e+03
1.049000000000000000e+03
1.050000000000000000e+03
1.053000000000000000e+03
1.054000000000000000e+03
1.056000000000000000e+03
1.057000000000000000e+03
1.060000000000000000e+03
1.062000000000000000e+03
1.066000000000000000e+03
1.067000000000000000e+03
1.069000000000000000e+03
1.070000000000000000e+03
1.073000000000000000e+03
1.078000000000000000e+03
1.079000000000000000e+03
1.080000000000000000e+03
1.082000000000000000e+03
1.083000000000000000e+03
1.084000000000000000e+03
1.086000000000000000e+03
1.087000000000000000e+03
1.089000000000000000e+03
1.096000000000000000e+03
1.097000000000000000e+03
1.100000000000000000e+03
1.102000000000000000e+03
1.104000000000000000e+03
1.105000000000000000e+03
1.108000000000000000e+03
1.109000000000000000e+03
1.110000000000000000e+03
1.111000000000000000e+03
1.112000000000000000e+03
1.113000000000000000e+03
1.114000000000000000e+03
1.117000000000000000e+03
1.124000000000000000e+03
1.125000000000000000e+03
1.128000000000000000e+03
1.129000000000000000e+03
1.134000000000000000e+03
1.136000000000000000e+03
1.138000000000000000e+03
1.140000000000000000e+03
1.146000000000000000e+03
1.147000000000000000e+03
1.148000000000000000e+03
1.149000000000000000e+03
1.153000000000000000e+03
1.156000000000000000e+03
1.158000000000000000e+03
1.160000000000000000e+03
1.162000000000000000e+03
1.163000000000000000e+03
1.166000000000000000e+03
1.170000000000000000e+03
1.176000000000000000e+03
