6.460000000000000000e+02 4.303000000000000000e+03
1.232000000000000000e+03 1.422000000000000000e+03
3.973000000000000000e+03 1.795000000000000000e+03
4.081000000000000000e+03 1.364000000000000000e+03
4.919000000000000000e+03 3.170000000000000000e+02
5.049000000000000000e+03 5.210000000000000000e+02
5.066000000000000000e+03 2.655000000000000000e+03
5.453000000000000000e+03 5.566000000000000000e+03
6.045000000000000000e+03 1.522000000000000000e+03
6.072000000000000000e+03 8.400000000000000000e+01
6.381000000000000000e+03 2.540000000000000000e+03
6.595000000000000000e+03 1.522000000000000000e+03
6.604000000000000000e+03 1.220000000000000000e+02
6.605000000000000000e+03 1.010000000000000000e+02
6.950000000000000000e+03 1.701000000000000000e+03
7.042000000000000000e+03 1.930000000000000000e+02
7.188000000000000000e+03 1.774000000000000000e+03
7.450000000000000000e+03 8.400000000000000000e+01
7.518000000000000000e+03 8.400000000000000000e+01
7.519000000000000000e+03 9.000000000000000000e+01
7.690000000000000000e+03 4.178000000000000000e+03
7.925000000000000000e+03 8.400000000000000000e+01
7.941000000000000000e+03 8.400000000000000000e+01
7.954000000000000000e+03 1.010000000000000000e+02
7.956000000000000000e+03 8.400000000000000000e+01
8.369000000000000000e+03 1.010000000000000000e+02
8.376000000000000000e+03 8.400000000000000000e+01
8.444000000000000000e+03 1.930000000000000000e+02
8.500000000000000000e+03 4.726000000000000000e+03
8.679000000000000000e+03 1.930000000000000000e+02
8.805000000000000000e+03 8.400000000000000000e+01
8.825000000000000000e+03 9.000000000000000000e+01
8.858000000000000000e+03 1.010000000000000000e+02
9.287000000000000000e+03 1.010000000000000000e+02
9.343000000000000000e+03 1.930000000000000000e+02
9.349000000000000000e+03 1.511000000000000000e+03
9.361000000000000000e+03 9.000000000000000000e+01
9.367000000000000000e+03 1.774000000000000000e+03
9.464000000000000000e+03 1.705000000000000000e+03
9.485000000000000000e+03 2.294000000000000000e+03
9.502000000000000000e+03 1.522000000000000000e+03
9.521000000000000000e+03 1.930000000000000000e+02
9.566000000000000000e+03 1.600000000000000000e+03
9.611000000000000000e+03 1.774000000000000000e+03
9.701000000000000000e+03 1.930000000000000000e+02
1.013100000000000000e+04 1.500000000000000000e+03
1.013300000000000000e+04 2.300000000000000000e+01
1.017500000000000000e+04 2.100000000000000000e+01
1.018500000000000000e+04 1.300000000000000000e+01
1.019100000000000000e+04 8.000000000000000000e+00
1.036000000000000000e+04 1.400000000000000000e+01
1.040100000000000000e+04 2.900000000000000000e+01
1.040700000000000000e+04 1.610000000000000000e+02
1.050000000000000000e+04 1.010000000000000000e+02
1.053900000000000000e+04 1.930000000000000000e+02
1.056000000000000000e+04 8.400000000000000000e+01
1.056100000000000000e+04 9.000000000000000000e+01
1.059100000000000000e+04 4.100000000000000000e+01
1.069700000000000000e+04 5.980000000000000000e+02
1.071700000000000000e+04 3.800000000000000000e+01
1.073400000000000000e+04 1.930000000000000000e+02
1.079500000000000000e+04 4.600000000000000000e+01
1.088400000000000000e+04 1.930000000000000000e+02
1.089600000000000000e+04 4.500000000000000000e+01
1.090100000000000000e+04 3.800000000000000000e+02
1.090900000000000000e+04 4.700000000000000000e+01
1.096000000000000000e+04 4.000000000000000000e+01
1.100300000000000000e+04 4.200000000000000000e+01
1.100800000000000000e+04 5.100000000000000000e+01
1.101700000000000000e+04 5.400000000000000000e+01
1.102300000000000000e+04 5.300000000000000000e+01
1.103500000000000000e+04 6.400000000000000000e+01
1.109100000000000000e+04 1.930000000000000000e+02
1.114000000000000000e+04 6.000000000000000000e+01
1.124500000000000000e+04 6.200000000000000000e+01
1.136900000000000000e+04 9.000000000000000000e+01
1.137000000000000000e+04 8.400000000000000000e+01
1.141300000000000000e+04 8.400000000000000000e+01
1.141700000000000000e+04 2.299000000000000000e+03
1.142400000000000000e+04 7.300000000000000000e+01
1.160900000000000000e+04 7.200000000000000000e+01
1.161100000000000000e+04 7.800000000000000000e+01
1.163000000000000000e+04 8.800000000000000000e+01
1.163500000000000000e+04 9.000000000000000000e+01
1.163600000000000000e+04 8.400000000000000000e+01
1.166800000000000000e+04 7.400000000000000000e+01
1.167500000000000000e+04 8.500000000000000000e+01
1.168300000000000000e+04 9.600000000000000000e+01
1.171400000000000000e+04 7.700000000000000000e+01
1.174600000000000000e+04 8.400000000000000000e+01
1.176400000000000000e+04 8.400000000000000000e+01
1.180400000000000000e+04 1.522000000000000000e+03
1.180800000000000000e+04 1.070000000000000000e+02
1.184000000000000000e+04 9.500000000000000000e+01
1.185000000000000000e+04 1.180000000000000000e+02
1.188500000000000000e+04 9.900000000000000000e+01
1.189500000000000000e+04 2.066000000000000000e+03
1.196100000000000000e+04 1.170000000000000000e+02
1.199800000000000000e+04 5.086000000000000000e+03
1.202500000000000000e+04 1.120000000000000000e+02
1.209500000000000000e+04 1.010000000000000000e+02
1.212500000000000000e+04 1.230000000000000000e+02
1.216500000000000000e+04 1.300000000000000000e+02
1.220300000000000000e+04 1.190000000000000000e+02
1.231500000000000000e+04 1.440000000000000000e+02
1.232800000000000000e+04 1.350000000000000000e+02
1.241900000000000000e+04 2.107000000000000000e+03
1.247700000000000000e+04 1.340000000000000000e+02
1.256800000000000000e+04 1.600000000000000000e+02
1.258700000000000000e+04 1.480000000000000000e+02
1.260800000000000000e+04 8.400000000000000000e+01
1.260900000000000000e+04 9.000000000000000000e+01
1.262100000000000000e+04 1.522000000000000000e+03
1.264400000000000000e+04 1.540000000000000000e+02
1.265500000000000000e+04 1.330000000000000000e+02
1.274000000000000000e+04 1.500000000000000000e+02
1.275600000000000000e+04 2.306000000000000000e+03
1.279400000000000000e+04 2.730000000000000000e+02
1.287900000000000000e+04 1.660000000000000000e+02
1.290300000000000000e+04 1.700000000000000000e+02
1.294100000000000000e+04 1.774000000000000000e+03
1.294400000000000000e+04 2.463000000000000000e+03
1.295100000000000000e+04 2.990000000000000000e+02
1.296300000000000000e+04 6.800000000000000000e+01
1.297400000000000000e+04 1.774000000000000000e+03
1.301600000000000000e+04 1.920000000000000000e+02
1.305000000000000000e+04 2.150000000000000000e+02
1.306000000000000000e+04 2.120000000000000000e+02
1.306300000000000000e+04 2.060000000000000000e+02
1.306600000000000000e+04 1.990000000000000000e+02
1.309000000000000000e+04 2.050000000000000000e+02
1.309500000000000000e+04 2.170000000000000000e+02
1.312100000000000000e+04 2.010000000000000000e+02
1.315000000000000000e+04 2.250000000000000000e+02
1.318600000000000000e+04 2.380000000000000000e+02
1.321200000000000000e+04 2.260000000000000000e+02
1.321900000000000000e+04 2.107000000000000000e+03
1.322000000000000000e+04 2.270000000000000000e+02
1.325500000000000000e+04 2.390000000000000000e+02
1.329000000000000000e+04 2.570000000000000000e+02
1.333300000000000000e+04 2.690000000000000000e+02
1.336300000000000000e+04 2.280000000000000000e+02
1.336800000000000000e+04 2.670000000000000000e+02
1.337400000000000000e+04 2.160000000000000000e+02
1.338800000000000000e+04 1.103000000000000000e+03
1.339100000000000000e+04 2.870000000000000000e+02
1.339900000000000000e+04 1.103000000000000000e+03
1.340800000000000000e+04 2.920000000000000000e+02
1.345300000000000000e+04 2.930000000000000000e+02
1.347500000000000000e+04 5.980000000000000000e+02
1.349500000000000000e+04 2.190000000000000000e+02
1.352200000000000000e+04 2.880000000000000000e+02
1.356000000000000000e+04 1.519000000000000000e+03
1.361000000000000000e+04 2.830000000000000000e+02
1.362400000000000000e+04 2.840000000000000000e+02
1.362500000000000000e+04 2.850000000000000000e+02
1.366900000000000000e+04 3.270000000000000000e+02
1.368200000000000000e+04 2.750000000000000000e+02
1.368500000000000000e+04 3.380000000000000000e+02
1.369100000000000000e+04 2.420000000000000000e+02
1.369900000000000000e+04 2.450000000000000000e+02
1.372000000000000000e+04 3.020000000000000000e+02
1.373300000000000000e+04 7.890000000000000000e+02
1.375100000000000000e+04 3.090000000000000000e+02
1.379200000000000000e+04 3.100000000000000000e+02
1.379700000000000000e+04 2.480000000000000000e+02
1.385500000000000000e+04 2.660000000000000000e+02
1.390100000000000000e+04 3.920000000000000000e+02
1.395700000000000000e+04 3.490000000000000000e+02
1.395900000000000000e+04 3.490000000000000000e+02
1.403600000000000000e+04 3.760000000000000000e+02
1.407800000000000000e+04 3.600000000000000000e+02
1.413400000000000000e+04 3.630000000000000000e+02
1.416800000000000000e+04 3.850000000000000000e+02
1.417400000000000000e+04 3.670000000000000000e+02
1.417500000000000000e+04 3.260000000000000000e+02
1.419000000000000000e+04 3.170000000000000000e+02
1.422500000000000000e+04 3.350000000000000000e+02
1.424300000000000000e+04 2.476000000000000000e+03
1.426800000000000000e+04 4.900000000000000000e+02
1.426900000000000000e+04 5.210000000000000000e+02
1.435600000000000000e+04 5.000000000000000000e+00
1.437300000000000000e+04 3.400000000000000000e+02
1.437900000000000000e+04 4.550000000000000000e+02
1.443300000000000000e+04 3.470000000000000000e+02
1.447400000000000000e+04 3.480000000000000000e+02
1.450200000000000000e+04 4.680000000000000000e+02
1.450900000000000000e+04 9.190000000000000000e+02
1.456100000000000000e+04 4.070000000000000000e+02
1.458300000000000000e+04 1.571000000000000000e+03
1.460300000000000000e+04 3.910000000000000000e+02
1.467200000000000000e+04 5.510000000000000000e+02
1.469900000000000000e+04 3.960000000000000000e+02
1.470500000000000000e+04 4.020000000000000000e+02
1.470600000000000000e+04 4.260000000000000000e+02
1.472200000000000000e+04 4.240000000000000000e+02
1.474800000000000000e+04 3.580000000000000000e+02
1.475600000000000000e+04 4.040000000000000000e+02
1.483100000000000000e+04 3.970000000000000000e+02
1.483200000000000000e+04 5.030000000000000000e+02
1.483800000000000000e+04 4.720000000000000000e+02
1.484200000000000000e+04 5.680000000000000000e+02
1.484700000000000000e+04 3.700000000000000000e+02
1.489800000000000000e+04 4.980000000000000000e+02
1.490600000000000000e+04 4.110000000000000000e+02
1.495400000000000000e+04 5.110000000000000000e+02
1.495800000000000000e+04 3.830000000000000000e+02
1.498100000000000000e+04 5.480000000000000000e+02
1.506300000000000000e+04 4.250000000000000000e+02
1.506900000000000000e+04 4.540000000000000000e+02
1.508800000000000000e+04 5.120000000000000000e+02
1.513200000000000000e+04 4.800000000000000000e+02
1.515700000000000000e+04 4.190000000000000000e+02
1.520200000000000000e+04 4.590000000000000000e+02
1.521700000000000000e+04 5.460000000000000000e+02
1.522600000000000000e+04 5.290000000000000000e+02
1.524800000000000000e+04 5.260000000000000000e+02
1.526300000000000000e+04 4.510000000000000000e+02
1.530300000000000000e+04 5.240000000000000000e+02
1.534900000000000000e+04 5.410000000000000000e+02
1.535500000000000000e+04 5.710000000000000000e+02
1.536200000000000000e+04 6.000000000000000000e+02
1.537200000000000000e+04 5.070000000000000000e+02
1.537700000000000000e+04 5.210000000000000000e+02
1.538200000000000000e+04 5.280000000000000000e+02
1.539400000000000000e+04 6.150000000000000000e+02
1.539900000000000000e+04 5.690000000000000000e+02
1.540400000000000000e+04 4.370000000000000000e+02
1.541200000000000000e+04 4.380000000000000000e+02
1.541600000000000000e+04 5.620000000000000000e+02
1.546600000000000000e+04 4.580000000000000000e+02
1.547200000000000000e+04 6.280000000000000000e+02
1.547800000000000000e+04 6.550000000000000000e+02
1.555500000000000000e+04 5.050000000000000000e+02
1.561200000000000000e+04 5.210000000000000000e+02
1.562300000000000000e+04 5.600000000000000000e+02
1.563200000000000000e+04 4.930000000000000000e+02
1.563300000000000000e+04 4.940000000000000000e+02
1.566200000000000000e+04 4.780000000000000000e+02
1.566300000000000000e+04 5.150000000000000000e+02
1.569200000000000000e+04 6.180000000000000000e+02
1.569400000000000000e+04 5.220000000000000000e+02
1.570400000000000000e+04 5.230000000000000000e+02
1.573300000000000000e+04 6.920000000000000000e+02
1.574000000000000000e+04 6.600000000000000000e+02
1.576800000000000000e+04 5.380000000000000000e+02
1.578900000000000000e+04 6.170000000000000000e+02
1.582100000000000000e+04 5.830000000000000000e+02
1.583100000000000000e+04 5.080000000000000000e+02
1.587300000000000000e+04 4.960000000000000000e+02
1.588000000000000000e+04 6.710000000000000000e+02
1.589100000000000000e+04 6.980000000000000000e+02
1.595600000000000000e+04 5.300000000000000000e+02
1.597600000000000000e+04 6.470000000000000000e+02
1.599900000000000000e+04 6.970000000000000000e+02
1.600600000000000000e+04 5.780000000000000000e+02
1.601100000000000000e+04 6.650000000000000000e+02
1.602300000000000000e+04 5.310000000000000000e+02
1.602700000000000000e+04 6.100000000000000000e+02
1.602800000000000000e+04 6.200000000000000000e+02
1.606200000000000000e+04 5.550000000000000000e+02
1.610800000000000000e+04 6.770000000000000000e+02
1.615800000000000000e+04 7.470000000000000000e+02
1.616700000000000000e+04 6.480000000000000000e+02
1.617000000000000000e+04 6.820000000000000000e+02
1.618100000000000000e+04 5.970000000000000000e+02
1.622300000000000000e+04 5.870000000000000000e+02
1.622900000000000000e+04 7.110000000000000000e+02
1.623200000000000000e+04 6.250000000000000000e+02
1.625000000000000000e+04 9.310000000000000000e+02
1.627000000000000000e+04 5.800000000000000000e+02
1.627300000000000000e+04 7.090000000000000000e+02
1.629000000000000000e+04 7.310000000000000000e+02
1.631600000000000000e+04 6.410000000000000000e+02
1.636400000000000000e+04 7.920000000000000000e+02
1.639000000000000000e+04 7.080000000000000000e+02
1.640500000000000000e+04 6.670000000000000000e+02
1.641900000000000000e+04 7.270000000000000000e+02
1.647800000000000000e+04 7.910000000000000000e+02
1.652000000000000000e+04 6.790000000000000000e+02
1.653700000000000000e+04 6.010000000000000000e+02
1.653900000000000000e+04 7.630000000000000000e+02
1.655000000000000000e+04 6.630000000000000000e+02
1.655800000000000000e+04 6.390000000000000000e+02
1.656300000000000000e+04 7.570000000000000000e+02
1.658800000000000000e+04 7.760000000000000000e+02
1.659300000000000000e+04 8.270000000000000000e+02
1.659600000000000000e+04 6.680000000000000000e+02
1.662400000000000000e+04 8.030000000000000000e+02
1.662600000000000000e+04 6.910000000000000000e+02
1.663900000000000000e+04 6.400000000000000000e+02
1.664600000000000000e+04 6.900000000000000000e+02
1.667600000000000000e+04 6.860000000000000000e+02
1.667700000000000000e+04 6.870000000000000000e+02
1.667800000000000000e+04 7.700000000000000000e+02
1.669000000000000000e+04 7.960000000000000000e+02
1.669800000000000000e+04 8.070000000000000000e+02
1.671200000000000000e+04 5.830000000000000000e+02
1.674600000000000000e+04 7.220000000000000000e+02
1.675500000000000000e+04 6.800000000000000000e+02
1.677100000000000000e+04 7.460000000000000000e+02
1.677800000000000000e+04 7.800000000000000000e+02
1.678100000000000000e+04 8.140000000000000000e+02
1.678300000000000000e+04 7.130000000000000000e+02
1.678600000000000000e+04 6.750000000000000000e+02
1.683500000000000000e+04 7.550000000000000000e+02
1.686100000000000000e+04 7.840000000000000000e+02
1.687200000000000000e+04 8.890000000000000000e+02
1.692100000000000000e+04 6.960000000000000000e+02
1.693900000000000000e+04 8.820000000000000000e+02
1.694800000000000000e+04 6.950000000000000000e+02
1.695000000000000000e+04 7.180000000000000000e+02
1.698600000000000000e+04 7.190000000000000000e+02
1.698700000000000000e+04 7.890000000000000000e+02
1.701500000000000000e+04 8.260000000000000000e+02
1.702700000000000000e+04 7.420000000000000000e+02
1.704600000000000000e+04 8.150000000000000000e+02
1.707500000000000000e+04 8.770000000000000000e+02
1.708400000000000000e+04 7.520000000000000000e+02
1.711100000000000000e+04 7.440000000000000000e+02
1.715900000000000000e+04 8.050000000000000000e+02
1.719300000000000000e+04 8.440000000000000000e+02
1.721800000000000000e+04 8.460000000000000000e+02
1.722800000000000000e+04 7.610000000000000000e+02
1.726500000000000000e+04 8.730000000000000000e+02
1.727300000000000000e+04 9.140000000000000000e+02
1.728100000000000000e+04 1.551000000000000000e+03
1.730800000000000000e+04 7.600000000000000000e+02
1.733600000000000000e+04 7.970000000000000000e+02
1.733900000000000000e+04 7.490000000000000000e+02
1.735200000000000000e+04 8.250000000000000000e+02
1.735400000000000000e+04 7.850000000000000000e+02
1.738800000000000000e+04 8.330000000000000000e+02
1.739800000000000000e+04 8.180000000000000000e+02
1.740200000000000000e+04 7.880000000000000000e+02
1.743600000000000000e+04 7.900000000000000000e+02
1.744100000000000000e+04 8.490000000000000000e+02
1.744700000000000000e+04 7.930000000000000000e+02
1.744800000000000000e+04 7.750000000000000000e+02
1.744900000000000000e+04 7.680000000000000000e+02
1.745100000000000000e+04 7.690000000000000000e+02
1.748500000000000000e+04 8.040000000000000000e+02
1.753300000000000000e+04 8.420000000000000000e+02
1.755900000000000000e+04 9.490000000000000000e+02
1.757900000000000000e+04 9.420000000000000000e+02
1.758500000000000000e+04 9.710000000000000000e+02
1.758900000000000000e+04 9.750000000000000000e+02
1.761200000000000000e+04 9.280000000000000000e+02
1.763100000000000000e+04 8.550000000000000000e+02
1.769300000000000000e+04 8.480000000000000000e+02
1.772700000000000000e+04 1.495000000000000000e+03
1.774700000000000000e+04 8.900000000000000000e+02
1.777000000000000000e+04 9.670000000000000000e+02
1.777700000000000000e+04 8.650000000000000000e+02
1.777800000000000000e+04 8.660000000000000000e+02
1.781900000000000000e+04 8.960000000000000000e+02
1.783300000000000000e+04 9.640000000000000000e+02
1.784100000000000000e+04 1.035000000000000000e+03
1.790400000000000000e+04 9.180000000000000000e+02
1.793400000000000000e+04 9.870000000000000000e+02
1.794100000000000000e+04 1.044000000000000000e+03
1.800400000000000000e+04 9.250000000000000000e+02
1.801100000000000000e+04 9.790000000000000000e+02
1.802000000000000000e+04 1.039000000000000000e+03
1.802100000000000000e+04 1.054000000000000000e+03
1.803200000000000000e+04 9.010000000000000000e+02
1.807700000000000000e+04 9.230000000000000000e+02
1.808000000000000000e+04 8.760000000000000000e+02
1.812400000000000000e+04 9.050000000000000000e+02
1.815200000000000000e+04 9.390000000000000000e+02
1.819000000000000000e+04 9.600000000000000000e+02
1.819300000000000000e+04 9.030000000000000000e+02
1.820100000000000000e+04 9.700000000000000000e+02
1.821200000000000000e+04 9.540000000000000000e+02
1.821500000000000000e+04 1.014000000000000000e+03
1.822400000000000000e+04 9.730000000000000000e+02
1.826900000000000000e+04 1.007000000000000000e+03
1.828800000000000000e+04 9.720000000000000000e+02
1.829300000000000000e+04 9.950000000000000000e+02
1.829500000000000000e+04 1.096000000000000000e+03
1.830000000000000000e+04 9.460000000000000000e+02
1.832500000000000000e+04 9.610000000000000000e+02
1.835700000000000000e+04 1.002000000000000000e+03
1.837200000000000000e+04 9.260000000000000000e+02
1.842100000000000000e+04 1.038000000000000000e+03
1.846400000000000000e+04 9.450000000000000000e+02
1.847500000000000000e+04 1.033000000000000000e+03
1.850200000000000000e+04 9.970000000000000000e+02
1.850300000000000000e+04 1.117000000000000000e+03
1.851600000000000000e+04 3.800000000000000000e+02
1.853900000000000000e+04 3.800000000000000000e+02
1.854300000000000000e+04 9.810000000000000000e+02
1.857800000000000000e+04 9.740000000000000000e+02
1.858100000000000000e+04 3.800000000000000000e+02
1.860000000000000000e+04 1.017000000000000000e+03
1.865400000000000000e+04 1.012000000000000000e+03
1.866000000000000000e+04 1.107000000000000000e+03
1.866900000000000000e+04 1.139000000000000000e+03
1.873200000000000000e+04 1.111000000000000000e+03
1.874100000000000000e+04 1.003000000000000000e+03
1.874900000000000000e+04 1.045000000000000000e+03
1.879000000000000000e+04 1.102000000000000000e+03
1.879500000000000000e+04 1.032000000000000000e+03
1.881100000000000000e+04 1.022000000000000000e+03
1.882900000000000000e+04 1.093000000000000000e+03
1.886200000000000000e+04 3.029000000000000000e+03
1.886700000000000000e+04 1.050000000000000000e+03
1.888800000000000000e+04 1.090000000000000000e+03
1.889300000000000000e+04 1.051000000000000000e+03
1.890100000000000000e+04 1.072000000000000000e+03
1.893100000000000000e+04 1.156000000000000000e+03
1.893500000000000000e+04 1.053000000000000000e+03
1.898400000000000000e+04 1.080000000000000000e+03
1.904600000000000000e+04 4.230000000000000000e+02
1.907300000000000000e+04 1.077000000000000000e+03
1.908500000000000000e+04 1.083000000000000000e+03
1.912800000000000000e+04 1.064000000000000000e+03
1.914800000000000000e+04 1.159000000000000000e+03
1.915300000000000000e+04 1.160000000000000000e+03
1.918800000000000000e+04 1.155000000000000000e+03
1.922900000000000000e+04 1.175000000000000000e+03
1.924500000000000000e+04 1.103000000000000000e+03
1.931000000000000000e+04 1.095000000000000000e+03
1.932900000000000000e+04 1.101000000000000000e+03
1.933700000000000000e+04 1.169000000000000000e+03
1.942100000000000000e+04 1.170000000000000000e+03
1.943400000000000000e+04 1.122000000000000000e+03
1.946700000000000000e+04 1.120000000000000000e+03
1.951200000000000000e+04 1.181000000000000000e+03
1.954200000000000000e+04 1.124000000000000000e+03
1.959600000000000000e+04 1.135000000000000000e+03
1.965900000000000000e+04 1.206000000000000000e+03
1.967000000000000000e+04 1.199000000000000000e+03
1.968000000000000000e+04 1.164000000000000000e+03
1.970300000000000000e+04 1.221000000000000000e+03
1.971000000000000000e+04 1.204000000000000000e+03
1.971600000000000000e+04 1.154000000000000000e+03
1.977700000000000000e+04 1.218000000000000000e+03
1.978600000000000000e+04 1.213000000000000000e+03
1.978700000000000000e+04 3.800000000000000000e+02
1.983700000000000000e+04 1.222000000000000000e+03
1.989200000000000000e+04 1.234000000000000000e+03
1.990500000000000000e+04 1.224000000000000000e+03
1.993000000000000000e+04 1.168000000000000000e+03
1.994800000000000000e+04 1.201000000000000000e+03
1.999000000000000000e+04 1.232000000000000000e+03
2.005800000000000000e+04 1.254000000000000000e+03
2.006300000000000000e+04 1.244000000000000000e+03
2.006900000000000000e+04 3.800000000000000000e+02
2.008700000000000000e+04 1.243000000000000000e+03
2.009200000000000000e+04 1.262000000000000000e+03
2.017000000000000000e+04 1.200000000000000000e+03
2.022500000000000000e+04 1.216000000000000000e+03
2.023500000000000000e+04 1.256000000000000000e+03
2.025200000000000000e+04 1.268000000000000000e+03
2.032600000000000000e+04 1.287000000000000000e+03
2.036800000000000000e+04 1.280000000000000000e+03
2.055300000000000000e+04 1.231000000000000000e+03
2.059500000000000000e+04 1.249000000000000000e+03
2.059600000000000000e+04 1.250000000000000000e+03
2.063300000000000000e+04 1.306000000000000000e+03
2.068400000000000000e+04 1.260000000000000000e+03
2.070700000000000000e+04 1.252000000000000000e+03
2.071600000000000000e+04 2.699000000000000000e+03
2.075900000000000000e+04 1.316000000000000000e+03
2.076900000000000000e+04 3.800000000000000000e+02
2.077600000000000000e+04 1.315000000000000000e+03
2.081300000000000000e+04 1.278000000000000000e+03
2.082400000000000000e+04 1.273000000000000000e+03
2.087000000000000000e+04 1.282000000000000000e+03
2.093700000000000000e+04 1.310000000000000000e+03
2.094000000000000000e+04 3.800000000000000000e+02
2.094400000000000000e+04 1.337000000000000000e+03
2.098600000000000000e+04 1.294000000000000000e+03
2.098700000000000000e+04 1.295000000000000000e+03
2.102300000000000000e+04 3.800000000000000000e+02
2.103400000000000000e+04 1.304000000000000000e+03
2.108200000000000000e+04 1.297000000000000000e+03
2.110500000000000000e+04 1.359000000000000000e+03
2.110600000000000000e+04 1.360000000000000000e+03
2.112600000000000000e+04 1.308000000000000000e+03
2.114500000000000000e+04 1.354000000000000000e+03
2.119100000000000000e+04 1.362000000000000000e+03
2.119500000000000000e+04 1.371000000000000000e+03
2.131700000000000000e+04 1.388000000000000000e+03
2.134300000000000000e+04 1.389000000000000000e+03
2.138100000000000000e+04 1.333000000000000000e+03
2.140200000000000000e+04 1.325000000000000000e+03
2.140700000000000000e+04 1.352000000000000000e+03
2.143600000000000000e+04 1.392000000000000000e+03
2.145100000000000000e+04 1.351000000000000000e+03
2.151400000000000000e+04 1.341000000000000000e+03
2.153100000000000000e+04 1.368000000000000000e+03
2.153200000000000000e+04 1.369000000000000000e+03
2.159200000000000000e+04 1.411000000000000000e+03
2.161900000000000000e+04 1.413000000000000000e+03
2.163800000000000000e+04 1.365000000000000000e+03
2.164700000000000000e+04 1.418000000000000000e+03
2.171500000000000000e+04 1.422000000000000000e+03
2.181000000000000000e+04 1.421000000000000000e+03
2.183900000000000000e+04 1.429000000000000000e+03
2.189700000000000000e+04 1.819000000000000000e+03
2.191700000000000000e+04 1.544000000000000000e+03
2.195800000000000000e+04 1.407000000000000000e+03
2.197100000000000000e+04 1.434000000000000000e+03
2.202500000000000000e+04 1.446000000000000000e+03
2.205100000000000000e+04 1.430000000000000000e+03
2.225900000000000000e+04 1.478000000000000000e+03
2.234000000000000000e+04 3.800000000000000000e+02
2.235500000000000000e+04 3.800000000000000000e+02
2.237000000000000000e+04 1.488000000000000000e+03
2.245200000000000000e+04 1.499000000000000000e+03
2.279100000000000000e+04 1.511000000000000000e+03
2.283400000000000000e+04 4.230000000000000000e+02
2.283900000000000000e+04 1.516000000000000000e+03
2.287800000000000000e+04 1.911000000000000000e+03
2.289300000000000000e+04 1.520000000000000000e+03
2.300300000000000000e+04 1.525000000000000000e+03
2.308700000000000000e+04 1.529000000000000000e+03
2.311400000000000000e+04 1.429000000000000000e+03
2.316300000000000000e+04 3.245000000000000000e+03
2.321600000000000000e+04 1.529000000000000000e+03
2.329600000000000000e+04 1.530000000000000000e+03
2.330200000000000000e+04 1.774000000000000000e+03
2.335000000000000000e+04 1.539000000000000000e+03
2.335800000000000000e+04 1.538000000000000000e+03
2.344000000000000000e+04 1.529000000000000000e+03
2.351100000000000000e+04 1.774000000000000000e+03
2.357600000000000000e+04 1.548000000000000000e+03
2.358500000000000000e+04 2.173000000000000000e+03
2.358800000000000000e+04 1.471000000000000000e+03
2.365500000000000000e+04 1.774000000000000000e+03
2.365800000000000000e+04 3.800000000000000000e+02
2.366900000000000000e+04 1.550000000000000000e+03
2.368400000000000000e+04 1.774000000000000000e+03
2.381700000000000000e+04 1.110000000000000000e+02
2.409600000000000000e+04 3.158000000000000000e+03
2.413200000000000000e+04 3.843000000000000000e+03
2.416800000000000000e+04 1.555000000000000000e+03
2.425200000000000000e+04 1.774000000000000000e+03
2.429300000000000000e+04 2.106000000000000000e+03
2.452300000000000000e+04 1.560000000000000000e+03
2.462000000000000000e+04 1.774000000000000000e+03
2.502700000000000000e+04 5.743000000000000000e+03
2.508900000000000000e+04 1.724000000000000000e+03
2.512800000000000000e+04 1.583000000000000000e+03
2.533400000000000000e+04 1.110000000000000000e+02
2.561500000000000000e+04 1.480000000000000000e+03
2.589500000000000000e+04 1.958000000000000000e+03
2.594900000000000000e+04 4.763000000000000000e+03
2.611500000000000000e+04 5.559000000000000000e+03
2.615300000000000000e+04 1.010000000000000000e+02
2.660300000000000000e+04 1.627000000000000000e+03
2.668100000000000000e+04 1.110000000000000000e+02
2.674400000000000000e+04 3.330000000000000000e+03
2.679100000000000000e+04 1.921000000000000000e+03
2.682900000000000000e+04 1.110000000000000000e+02
2.688400000000000000e+04 5.086000000000000000e+03
2.697000000000000000e+04 1.609000000000000000e+03
2.699400000000000000e+04 3.800000000000000000e+02
2.699700000000000000e+04 3.800000000000000000e+02
2.708900000000000000e+04 1.010000000000000000e+02
2.715700000000000000e+04 4.148000000000000000e+03
2.718200000000000000e+04 3.800000000000000000e+02
2.722800000000000000e+04 1.110000000000000000e+02
2.755700000000000000e+04 1.654000000000000000e+03
2.786700000000000000e+04 1.697000000000000000e+03
2.809200000000000000e+04 1.724000000000000000e+03
2.818900000000000000e+04 1.725000000000000000e+03
2.842700000000000000e+04 1.110000000000000000e+02
2.857700000000000000e+04 1.840000000000000000e+03
2.864200000000000000e+04 1.862000000000000000e+03
2.866000000000000000e+04 1.869000000000000000e+03
2.889800000000000000e+04 1.955000000000000000e+03
2.894800000000000000e+04 1.975000000000000000e+03
2.906100000000000000e+04 2.026000000000000000e+03
2.907300000000000000e+04 2.644000000000000000e+03
2.911900000000000000e+04 1.110000000000000000e+02
2.921200000000000000e+04 1.777000000000000000e+03
2.929800000000000000e+04 2.147000000000000000e+03
2.942100000000000000e+04 2.212000000000000000e+03
2.957100000000000000e+04 1.110000000000000000e+02
2.993300000000000000e+04 3.800000000000000000e+02
3.031500000000000000e+04 3.027000000000000000e+03
3.040900000000000000e+04 3.160000000000000000e+03
3.052700000000000000e+04 3.315000000000000000e+03
3.096400000000000000e+04 3.742000000000000000e+03
3.097400000000000000e+04 2.316000000000000000e+03
3.115200000000000000e+04 3.981000000000000000e+03
3.128900000000000000e+04 1.030000000000000000e+02
3.130100000000000000e+04 4.096000000000000000e+03
3.234500000000000000e+04 2.107000000000000000e+03
3.242300000000000000e+04 5.417000000000000000e+03
3.282400000000000000e+04 1.280000000000000000e+02
3.287900000000000000e+04 5.015000000000000000e+03
3.288400000000000000e+04 4.420000000000000000e+03
3.292900000000000000e+04 1.596000000000000000e+03
3.322200000000000000e+04 1.930000000000000000e+02
3.377800000000000000e+04 5.210000000000000000e+02
3.412800000000000000e+04 1.656000000000000000e+03
3.434700000000000000e+04 3.800000000000000000e+02
3.435000000000000000e+04 8.400000000000000000e+01
3.435100000000000000e+04 9.000000000000000000e+01
3.456300000000000000e+04 1.491000000000000000e+03
3.458200000000000000e+04 3.800000000000000000e+02
3.486900000000000000e+04 5.086000000000000000e+03
3.502200000000000000e+04 1.930000000000000000e+02
3.504200000000000000e+04 2.107000000000000000e+03
3.533300000000000000e+04 3.330000000000000000e+03
3.552600000000000000e+04 8.400000000000000000e+01
3.553400000000000000e+04 2.201000000000000000e+03
3.613000000000000000e+04 5.540000000000000000e+02
3.613800000000000000e+04 1.922000000000000000e+03
3.620000000000000000e+04 5.420000000000000000e+03
3.683000000000000000e+04 2.669000000000000000e+03
3.695000000000000000e+04 1.522000000000000000e+03
3.715600000000000000e+04 3.821000000000000000e+03
3.743300000000000000e+04 8.150000000000000000e+02
3.753400000000000000e+04 3.800000000000000000e+02
3.785500000000000000e+04 1.773000000000000000e+03
3.796900000000000000e+04 1.656000000000000000e+03
3.802300000000000000e+04 1.501000000000000000e+03
3.835400000000000000e+04 3.800000000000000000e+02
3.858500000000000000e+04 3.800000000000000000e+02
3.870200000000000000e+04 1.746000000000000000e+03
3.889200000000000000e+04 3.800000000000000000e+02
3.893100000000000000e+04 4.420000000000000000e+03
3.901800000000000000e+04 4.148000000000000000e+03
3.905100000000000000e+04 3.951000000000000000e+03
3.908700000000000000e+04 2.201000000000000000e+03
3.972400000000000000e+04 2.345000000000000000e+03
3.982500000000000000e+04 8.150000000000000000e+02
4.007500000000000000e+04 2.100000000000000000e+01
