3.320000000000000000e+02 2.133000000000000000e+03
6.060000000000000000e+02 5.540000000000000000e+02
6.130000000000000000e+02 1.930000000000000000e+02
6.980000000000000000e+02 1.930000000000000000e+02
7.460000000000000000e+02 1.010000000000000000e+02
8.020000000000000000e+02 4.674000000000000000e+03
1.012000000000000000e+03 1.856000000000000000e+03
1.163000000000000000e+03 2.110000000000000000e+03
1.181000000000000000e+03 8.400000000000000000e+01
1.213000000000000000e+03 1.958000000000000000e+03
1.248000000000000000e+03 1.010000000000000000e+02
1.313000000000000000e+03 3.800000000000000000e+02
1.365000000000000000e+03 2.856000000000000000e+03
1.744000000000000000e+03 1.010000000000000000e+02
1.945000000000000000e+03 3.800000000000000000e+02
2.012000000000000000e+03 9.000000000000000000e+01
2.107000000000000000e+03 1.930000000000000000e+02
2.378000000000000000e+03 5.429000000000000000e+03
2.414000000000000000e+03 1.000000000000000000e+00
2.436000000000000000e+03 2.000000000000000000e+00
2.437000000000000000e+03 3.000000000000000000e+00
2.488000000000000000e+03 1.000000000000000000e+01
2.489000000000000000e+03 1.100000000000000000e+01
2.523000000000000000e+03 0.000000000000000000e+00
2.638000000000000000e+03 1.200000000000000000e+01
2.641000000000000000e+03 6.000000000000000000e+00
2.649000000000000000e+03 1.600000000000000000e+01
2.681000000000000000e+03 2.304000000000000000e+03
2.699000000000000000e+03 1.930000000000000000e+02
2.704000000000000000e+03 8.000000000000000000e+00
2.708000000000000000e+03 1.700000000000000000e+01
2.727000000000000000e+03 5.276000000000000000e+03
2.740000000000000000e+03 1.930000000000000000e+02
2.760000000000000000e+03 1.300000000000000000e+01
2.773000000000000000e+03 2.100000000000000000e+01
2.780000000000000000e+03 4.445000000000000000e+03
2.791000000000000000e+03 1.539000000000000000e+03
2.870000000000000000e+03 1.400000000000000000e+01
3.007000000000000000e+03 3.200000000000000000e+01
3.015000000000000000e+03 2.400000000000000000e+01
3.038000000000000000e+03 2.900000000000000000e+01
3.049000000000000000e+03 1.610000000000000000e+02
3.072000000000000000e+03 8.400000000000000000e+01
3.223000000000000000e+03 3.100000000000000000e+01
3.228000000000000000e+03 3.000000000000000000e+01
3.235000000000000000e+03 8.400000000000000000e+01
3.256000000000000000e+03 1.930000000000000000e+02
3.269000000000000000e+03 8.400000000000000000e+01
3.270000000000000000e+03 9.000000000000000000e+01
3.275000000000000000e+03 4.100000000000000000e+01
3.325000000000000000e+03 2.298000000000000000e+03
3.365000000000000000e+03 1.930000000000000000e+02
3.400000000000000000e+03 2.737000000000000000e+03
3.408000000000000000e+03 3.800000000000000000e+01
3.508000000000000000e+03 4.600000000000000000e+01
3.514000000000000000e+03 3.600000000000000000e+01
3.602000000000000000e+03 4.500000000000000000e+01
3.631000000000000000e+03 3.800000000000000000e+02
3.633000000000000000e+03 4.700000000000000000e+01
3.652000000000000000e+03 8.400000000000000000e+01
3.653000000000000000e+03 9.000000000000000000e+01
3.656000000000000000e+03 9.000000000000000000e+01
3.663000000000000000e+03 4.200000000000000000e+01
3.739000000000000000e+03 5.100000000000000000e+01
3.766000000000000000e+03 2.298000000000000000e+03
3.767000000000000000e+03 2.299000000000000000e+03
3.773000000000000000e+03 5.300000000000000000e+01
3.783000000000000000e+03 5.400000000000000000e+01
3.815000000000000000e+03 8.400000000000000000e+01
3.828000000000000000e+03 1.774000000000000000e+03
3.844000000000000000e+03 6.400000000000000000e+01
3.890000000000000000e+03 4.900000000000000000e+01
3.957000000000000000e+03 6.000000000000000000e+01
4.007000000000000000e+03 6.100000000000000000e+01
4.029000000000000000e+03 5.700000000000000000e+01
4.054000000000000000e+03 6.200000000000000000e+01
4.072000000000000000e+03 1.774000000000000000e+03
4.127000000000000000e+03 1.010000000000000000e+02
4.140000000000000000e+03 6.700000000000000000e+01
4.150000000000000000e+03 5.600000000000000000e+01
4.223000000000000000e+03 6.600000000000000000e+01
4.297000000000000000e+03 7.300000000000000000e+01
4.469000000000000000e+03 7.500000000000000000e+01
4.471000000000000000e+03 7.100000000000000000e+01
4.502000000000000000e+03 7.200000000000000000e+01
4.518000000000000000e+03 7.800000000000000000e+01
4.534000000000000000e+03 9.000000000000000000e+01
4.535000000000000000e+03 8.400000000000000000e+01
4.560000000000000000e+03 8.800000000000000000e+01
4.588000000000000000e+03 8.500000000000000000e+01
4.648000000000000000e+03 3.800000000000000000e+02
4.721000000000000000e+03 1.020000000000000000e+02
4.739000000000000000e+03 8.900000000000000000e+01
4.785000000000000000e+03 1.070000000000000000e+02
4.789000000000000000e+03 9.400000000000000000e+01
4.791000000000000000e+03 9.500000000000000000e+01
4.817000000000000000e+03 8.700000000000000000e+01
4.849000000000000000e+03 9.900000000000000000e+01
4.855000000000000000e+03 1.180000000000000000e+02
4.865000000000000000e+03 3.930000000000000000e+02
4.908000000000000000e+03 9.800000000000000000e+01
4.928000000000000000e+03 1.150000000000000000e+02
4.929000000000000000e+03 1.160000000000000000e+02
4.939000000000000000e+03 1.030000000000000000e+02
4.942000000000000000e+03 9.700000000000000000e+01
4.944000000000000000e+03 1.170000000000000000e+02
5.024000000000000000e+03 1.120000000000000000e+02
5.034000000000000000e+03 1.930000000000000000e+02
5.048000000000000000e+03 4.870000000000000000e+02
5.062000000000000000e+03 9.000000000000000000e+01
5.067000000000000000e+03 1.010000000000000000e+02
5.104000000000000000e+03 1.080000000000000000e+02
5.170000000000000000e+03 1.230000000000000000e+02
5.200000000000000000e+03 1.250000000000000000e+02
5.239000000000000000e+03 1.300000000000000000e+02
5.246000000000000000e+03 1.190000000000000000e+02
5.322000000000000000e+03 1.220000000000000000e+02
5.333000000000000000e+03 2.993000000000000000e+03
5.348000000000000000e+03 1.270000000000000000e+02
5.379000000000000000e+03 8.400000000000000000e+01
5.380000000000000000e+03 9.000000000000000000e+01
5.388000000000000000e+03 1.290000000000000000e+02
5.389000000000000000e+03 1.360000000000000000e+02
5.416000000000000000e+03 1.310000000000000000e+02
5.418000000000000000e+03 8.400000000000000000e+01
5.419000000000000000e+03 9.000000000000000000e+01
5.426000000000000000e+03 1.390000000000000000e+02
5.446000000000000000e+03 1.380000000000000000e+02
5.461000000000000000e+03 1.350000000000000000e+02
5.484000000000000000e+03 1.440000000000000000e+02
5.494000000000000000e+03 1.370000000000000000e+02
5.501000000000000000e+03 1.930000000000000000e+02
5.606000000000000000e+03 2.463000000000000000e+03
5.619000000000000000e+03 1.340000000000000000e+02
5.786000000000000000e+03 3.800000000000000000e+02
5.807000000000000000e+03 1.610000000000000000e+02
5.812000000000000000e+03 1.480000000000000000e+02
5.815000000000000000e+03 1.600000000000000000e+02
5.822000000000000000e+03 1.450000000000000000e+02
5.836000000000000000e+03 1.510000000000000000e+02
5.874000000000000000e+03 1.540000000000000000e+02
5.922000000000000000e+03 1.720000000000000000e+02
6.045000000000000000e+03 9.000000000000000000e+01
6.063000000000000000e+03 1.760000000000000000e+02
6.069000000000000000e+03 1.680000000000000000e+02
6.118000000000000000e+03 1.660000000000000000e+02
6.120000000000000000e+03 1.670000000000000000e+02
6.135000000000000000e+03 1.774000000000000000e+03
6.139000000000000000e+03 1.700000000000000000e+02
6.145000000000000000e+03 1.690000000000000000e+02
6.195000000000000000e+03 1.710000000000000000e+02
6.206000000000000000e+03 1.800000000000000000e+02
6.238000000000000000e+03 1.820000000000000000e+02
6.283000000000000000e+03 1.920000000000000000e+02
6.302000000000000000e+03 1.774000000000000000e+03
6.344000000000000000e+03 1.950000000000000000e+02
6.354000000000000000e+03 1.990000000000000000e+02
6.357000000000000000e+03 2.060000000000000000e+02
6.359000000000000000e+03 2.150000000000000000e+02
6.373000000000000000e+03 2.050000000000000000e+02
6.377000000000000000e+03 2.210000000000000000e+02
6.396000000000000000e+03 2.170000000000000000e+02
6.406000000000000000e+03 2.010000000000000000e+02
6.407000000000000000e+03 8.400000000000000000e+01
6.474000000000000000e+03 2.250000000000000000e+02
6.516000000000000000e+03 2.130000000000000000e+02
6.531000000000000000e+03 2.380000000000000000e+02
6.549000000000000000e+03 2.260000000000000000e+02
6.550000000000000000e+03 2.270000000000000000e+02
6.615000000000000000e+03 2.200000000000000000e+02
6.628000000000000000e+03 2.390000000000000000e+02
6.661000000000000000e+03 2.040000000000000000e+02
6.672000000000000000e+03 2.570000000000000000e+02
6.689000000000000000e+03 2.220000000000000000e+02
6.694000000000000000e+03 2.160000000000000000e+02
6.695000000000000000e+03 2.090000000000000000e+02
6.703000000000000000e+03 2.770000000000000000e+02
6.749000000000000000e+03 2.670000000000000000e+02
6.752000000000000000e+03 2.890000000000000000e+02
6.753000000000000000e+03 2.900000000000000000e+02
6.783000000000000000e+03 2.760000000000000000e+02
6.786000000000000000e+03 2.870000000000000000e+02
6.814000000000000000e+03 2.920000000000000000e+02
6.831000000000000000e+03 2.400000000000000000e+02
6.848000000000000000e+03 2.930000000000000000e+02
6.853000000000000000e+03 2.970000000000000000e+02
6.855000000000000000e+03 2.430000000000000000e+02
6.859000000000000000e+03 2.240000000000000000e+02
6.861000000000000000e+03 2.340000000000000000e+02
6.891000000000000000e+03 2.520000000000000000e+02
6.950000000000000000e+03 2.610000000000000000e+02
6.951000000000000000e+03 2.620000000000000000e+02
6.958000000000000000e+03 2.460000000000000000e+02
6.960000000000000000e+03 2.830000000000000000e+02
6.961000000000000000e+03 1.930000000000000000e+02
6.978000000000000000e+03 2.420000000000000000e+02
6.986000000000000000e+03 2.850000000000000000e+02
6.996000000000000000e+03 2.450000000000000000e+02
7.015000000000000000e+03 3.230000000000000000e+02
7.018000000000000000e+03 2.490000000000000000e+02
7.022000000000000000e+03 2.980000000000000000e+02
7.029000000000000000e+03 2.750000000000000000e+02
7.063000000000000000e+03 2.480000000000000000e+02
7.074000000000000000e+03 2.700000000000000000e+02
7.088000000000000000e+03 3.270000000000000000e+02
7.098000000000000000e+03 2.680000000000000000e+02
7.101000000000000000e+03 7.890000000000000000e+02
7.111000000000000000e+03 2.590000000000000000e+02
7.112000000000000000e+03 2.600000000000000000e+02
7.139000000000000000e+03 3.380000000000000000e+02
7.146000000000000000e+03 2.660000000000000000e+02
7.154000000000000000e+03 3.100000000000000000e+02
7.192000000000000000e+03 3.500000000000000000e+02
7.196000000000000000e+03 3.190000000000000000e+02
7.234000000000000000e+03 3.390000000000000000e+02
7.241000000000000000e+03 2.860000000000000000e+02
7.276000000000000000e+03 2.800000000000000000e+02
7.278000000000000000e+03 2.790000000000000000e+02
7.392000000000000000e+03 3.110000000000000000e+02
7.409000000000000000e+03 4.090000000000000000e+02
7.425000000000000000e+03 3.490000000000000000e+02
7.451000000000000000e+03 3.870000000000000000e+02
7.496000000000000000e+03 3.920000000000000000e+02
7.546000000000000000e+03 3.460000000000000000e+02
7.550000000000000000e+03 3.760000000000000000e+02
7.552000000000000000e+03 3.600000000000000000e+02
7.558000000000000000e+03 3.040000000000000000e+02
7.573000000000000000e+03 3.120000000000000000e+02
7.575000000000000000e+03 3.250000000000000000e+02
7.576000000000000000e+03 3.260000000000000000e+02
7.589000000000000000e+03 3.290000000000000000e+02
7.594000000000000000e+03 3.530000000000000000e+02
7.617000000000000000e+03 3.630000000000000000e+02
7.634000000000000000e+03 3.130000000000000000e+02
7.649000000000000000e+03 3.350000000000000000e+02
7.658000000000000000e+03 3.670000000000000000e+02
7.676000000000000000e+03 3.560000000000000000e+02
7.699000000000000000e+03 3.170000000000000000e+02
7.731000000000000000e+03 3.850000000000000000e+02
7.734000000000000000e+03 3.210000000000000000e+02
7.743000000000000000e+03 4.530000000000000000e+02
7.753000000000000000e+03 1.395000000000000000e+03
7.801000000000000000e+03 5.210000000000000000e+02
7.830000000000000000e+03 3.340000000000000000e+02
7.848000000000000000e+03 4.350000000000000000e+02
7.862000000000000000e+03 3.420000000000000000e+02
7.893000000000000000e+03 3.470000000000000000e+02
7.931000000000000000e+03 4.160000000000000000e+02
7.938000000000000000e+03 3.480000000000000000e+02
8.025000000000000000e+03 3.450000000000000000e+02
8.036000000000000000e+03 4.600000000000000000e+02
8.041000000000000000e+03 3.710000000000000000e+02
8.094000000000000000e+03 4.550000000000000000e+02
8.116000000000000000e+03 3.910000000000000000e+02
8.124000000000000000e+03 4.070000000000000000e+02
8.167000000000000000e+03 5.090000000000000000e+02
8.189000000000000000e+03 4.150000000000000000e+02
8.241000000000000000e+03 3.960000000000000000e+02
8.245000000000000000e+03 4.680000000000000000e+02
8.266000000000000000e+03 4.020000000000000000e+02
8.270000000000000000e+03 4.570000000000000000e+02
8.301000000000000000e+03 4.040000000000000000e+02
8.304000000000000000e+03 4.260000000000000000e+02
8.349000000000000000e+03 4.240000000000000000e+02
8.356000000000000000e+03 3.700000000000000000e+02
8.378000000000000000e+03 3.970000000000000000e+02
8.381000000000000000e+03 3.950000000000000000e+02
8.473000000000000000e+03 4.420000000000000000e+02
8.495000000000000000e+03 3.780000000000000000e+02
8.496000000000000000e+03 3.780000000000000000e+02
8.501000000000000000e+03 4.110000000000000000e+02
8.520000000000000000e+03 4.850000000000000000e+02
8.526000000000000000e+03 3.830000000000000000e+02
8.545000000000000000e+03 5.390000000000000000e+02
8.556000000000000000e+03 4.870000000000000000e+02
8.561000000000000000e+03 4.770000000000000000e+02
8.563000000000000000e+03 3.880000000000000000e+02
8.584000000000000000e+03 3.890000000000000000e+02
8.623000000000000000e+03 5.030000000000000000e+02
8.653000000000000000e+03 4.950000000000000000e+02
8.682000000000000000e+03 3.940000000000000000e+02
8.691000000000000000e+03 4.250000000000000000e+02
8.696000000000000000e+03 4.980000000000000000e+02
8.717000000000000000e+03 4.050000000000000000e+02
8.740000000000000000e+03 4.540000000000000000e+02
8.744000000000000000e+03 5.680000000000000000e+02
8.823000000000000000e+03 4.990000000000000000e+02
8.847000000000000000e+03 4.630000000000000000e+02
8.849000000000000000e+03 5.480000000000000000e+02
8.851000000000000000e+03 4.690000000000000000e+02
8.852000000000000000e+03 4.800000000000000000e+02
8.854000000000000000e+03 4.120000000000000000e+02
8.881000000000000000e+03 4.430000000000000000e+02
8.885000000000000000e+03 5.750000000000000000e+02
8.886000000000000000e+03 5.760000000000000000e+02
8.889000000000000000e+03 5.790000000000000000e+02
8.911000000000000000e+03 5.100000000000000000e+02
8.934000000000000000e+03 4.510000000000000000e+02
8.936000000000000000e+03 4.696000000000000000e+03
8.970000000000000000e+03 4.830000000000000000e+02
8.992000000000000000e+03 5.700000000000000000e+02
9.006000000000000000e+03 5.640000000000000000e+02
9.026000000000000000e+03 5.630000000000000000e+02
9.038000000000000000e+03 5.420000000000000000e+02
9.039000000000000000e+03 4.670000000000000000e+02
9.054000000000000000e+03 5.290000000000000000e+02
9.080000000000000000e+03 5.460000000000000000e+02
9.081000000000000000e+03 4.370000000000000000e+02
9.086000000000000000e+03 4.340000000000000000e+02
9.102000000000000000e+03 4.380000000000000000e+02
9.104000000000000000e+03 4.380000000000000000e+02
9.120000000000000000e+03 5.210000000000000000e+02
9.129000000000000000e+03 5.070000000000000000e+02
9.159000000000000000e+03 4.740000000000000000e+02
9.160000000000000000e+03 4.750000000000000000e+02
9.203000000000000000e+03 5.280000000000000000e+02
9.216000000000000000e+03 4.580000000000000000e+02
9.245000000000000000e+03 5.010000000000000000e+02
9.256000000000000000e+03 5.710000000000000000e+02
9.266000000000000000e+03 2.277000000000000000e+03
9.267000000000000000e+03 2.278000000000000000e+03
9.274000000000000000e+03 5.130000000000000000e+02
9.309000000000000000e+03 5.690000000000000000e+02
9.333000000000000000e+03 4.910000000000000000e+02
9.334000000000000000e+03 4.610000000000000000e+02
9.347000000000000000e+03 6.000000000000000000e+02
9.353000000000000000e+03 5.050000000000000000e+02
9.395000000000000000e+03 5.890000000000000000e+02
9.408000000000000000e+03 6.150000000000000000e+02
9.433000000000000000e+03 4.890000000000000000e+02
9.455000000000000000e+03 5.940000000000000000e+02
9.462000000000000000e+03 6.190000000000000000e+02
9.467000000000000000e+03 4.930000000000000000e+02
9.468000000000000000e+03 4.940000000000000000e+02
9.470000000000000000e+03 4.780000000000000000e+02
9.494000000000000000e+03 5.150000000000000000e+02
9.499000000000000000e+03 5.210000000000000000e+02
9.513000000000000000e+03 4.710000000000000000e+02
9.533000000000000000e+03 6.280000000000000000e+02
9.548000000000000000e+03 5.600000000000000000e+02
9.554000000000000000e+03 5.450000000000000000e+02
9.558000000000000000e+03 5.230000000000000000e+02
9.574000000000000000e+03 5.220000000000000000e+02
9.581000000000000000e+03 6.460000000000000000e+02
9.600000000000000000e+03 6.550000000000000000e+02
9.705000000000000000e+03 5.080000000000000000e+02
9.706000000000000000e+03 5.330000000000000000e+02
9.750000000000000000e+03 6.180000000000000000e+02
9.803000000000000000e+03 5.830000000000000000e+02
9.805000000000000000e+03 5.740000000000000000e+02
9.860000000000000000e+03 6.170000000000000000e+02
9.867000000000000000e+03 4.230000000000000000e+02
9.895000000000000000e+03 5.590000000000000000e+02
9.930000000000000000e+03 5.300000000000000000e+02
9.945000000000000000e+03 6.600000000000000000e+02
9.947000000000000000e+03 6.620000000000000000e+02
9.990000000000000000e+03 5.310000000000000000e+02
9.994000000000000000e+03 5.860000000000000000e+02
9.996000000000000000e+03 6.330000000000000000e+02
1.001800000000000000e+04 5.780000000000000000e+02
1.002300000000000000e+04 6.920000000000000000e+02
1.004100000000000000e+04 3.930000000000000000e+02
1.005200000000000000e+04 6.020000000000000000e+02
1.011000000000000000e+04 2.110000000000000000e+03
1.011900000000000000e+04 5.550000000000000000e+02
1.012600000000000000e+04 6.020000000000000000e+02
1.012900000000000000e+04 6.710000000000000000e+02
1.013300000000000000e+04 6.200000000000000000e+02
1.015700000000000000e+04 6.260000000000000000e+02
1.016900000000000000e+04 5.900000000000000000e+02
1.018800000000000000e+04 6.470000000000000000e+02
1.023200000000000000e+04 4.610000000000000000e+03
1.025400000000000000e+04 6.980000000000000000e+02
1.026900000000000000e+04 5.930000000000000000e+02
1.027200000000000000e+04 6.650000000000000000e+02
1.027400000000000000e+04 5.580000000000000000e+02
1.030200000000000000e+04 5.720000000000000000e+02
1.036800000000000000e+04 6.970000000000000000e+02
1.038100000000000000e+04 5.970000000000000000e+02
1.039900000000000000e+04 6.230000000000000000e+02
1.042400000000000000e+04 5.870000000000000000e+02
1.043600000000000000e+04 5.650000000000000000e+02
1.046900000000000000e+04 6.480000000000000000e+02
1.050700000000000000e+04 6.250000000000000000e+02
1.052100000000000000e+04 5.800000000000000000e+02
1.055900000000000000e+04 6.890000000000000000e+02
1.057700000000000000e+04 6.350000000000000000e+02
1.058600000000000000e+04 6.820000000000000000e+02
1.059100000000000000e+04 5.840000000000000000e+02
1.060100000000000000e+04 9.310000000000000000e+02
1.066000000000000000e+04 6.660000000000000000e+02
1.066900000000000000e+04 5.980000000000000000e+02
1.068700000000000000e+04 6.410000000000000000e+02
1.069300000000000000e+04 1.787000000000000000e+03
1.073900000000000000e+04 7.470000000000000000e+02
1.077400000000000000e+04 4.198000000000000000e+03
1.078900000000000000e+04 7.430000000000000000e+02
1.084100000000000000e+04 6.130000000000000000e+02
1.085400000000000000e+04 6.240000000000000000e+02
1.089100000000000000e+04 3.800000000000000000e+02
1.090100000000000000e+04 7.310000000000000000e+02
1.090600000000000000e+04 6.290000000000000000e+02
1.095000000000000000e+04 7.080000000000000000e+02
1.099100000000000000e+04 6.570000000000000000e+02
1.102700000000000000e+04 6.780000000000000000e+02
1.103500000000000000e+04 6.270000000000000000e+02
1.104400000000000000e+04 6.830000000000000000e+02
1.105100000000000000e+04 6.380000000000000000e+02
1.105200000000000000e+04 6.390000000000000000e+02
1.105400000000000000e+04 6.630000000000000000e+02
1.106500000000000000e+04 6.790000000000000000e+02
1.108200000000000000e+04 7.150000000000000000e+02
1.108900000000000000e+04 7.270000000000000000e+02
1.112100000000000000e+04 7.060000000000000000e+02
1.114000000000000000e+04 7.920000000000000000e+02
1.116400000000000000e+04 6.760000000000000000e+02
1.117900000000000000e+04 6.680000000000000000e+02
1.120400000000000000e+04 6.490000000000000000e+02
1.121800000000000000e+04 7.140000000000000000e+02
1.125200000000000000e+04 6.910000000000000000e+02
1.127100000000000000e+04 6.510000000000000000e+02
1.128400000000000000e+04 7.630000000000000000e+02
1.130300000000000000e+04 7.910000000000000000e+02
1.130800000000000000e+04 6.860000000000000000e+02
1.130900000000000000e+04 6.870000000000000000e+02
1.131300000000000000e+04 7.570000000000000000e+02
1.132100000000000000e+04 7.650000000000000000e+02
1.132500000000000000e+04 6.930000000000000000e+02
1.134400000000000000e+04 6.720000000000000000e+02
1.134900000000000000e+04 6.640000000000000000e+02
1.138000000000000000e+04 7.010000000000000000e+02
1.138100000000000000e+04 7.020000000000000000e+02
1.142700000000000000e+04 6.610000000000000000e+02
1.145600000000000000e+04 6.800000000000000000e+02
1.147800000000000000e+04 7.370000000000000000e+02
1.148500000000000000e+04 5.830000000000000000e+02
1.149200000000000000e+04 6.750000000000000000e+02
1.152200000000000000e+04 8.090000000000000000e+02
1.153800000000000000e+04 8.030000000000000000e+02
1.154400000000000000e+04 7.130000000000000000e+02
1.154900000000000000e+04 3.479000000000000000e+03
1.156100000000000000e+04 7.120000000000000000e+02
1.157400000000000000e+04 6.940000000000000000e+02
1.158800000000000000e+04 7.230000000000000000e+02
1.159400000000000000e+04 7.960000000000000000e+02
1.159500000000000000e+04 8.270000000000000000e+02
1.159700000000000000e+04 7.220000000000000000e+02
1.160000000000000000e+04 7.460000000000000000e+02
1.165400000000000000e+04 8.070000000000000000e+02
1.165900000000000000e+04 6.990000000000000000e+02
1.169300000000000000e+04 7.800000000000000000e+02
1.172100000000000000e+04 7.210000000000000000e+02
1.172700000000000000e+04 6.960000000000000000e+02
1.174800000000000000e+04 6.950000000000000000e+02
1.177700000000000000e+04 8.580000000000000000e+02
1.180100000000000000e+04 7.180000000000000000e+02
1.181100000000000000e+04 7.180000000000000000e+02
1.181500000000000000e+04 8.140000000000000000e+02
1.183100000000000000e+04 7.170000000000000000e+02
1.186500000000000000e+04 8.010000000000000000e+02
1.189400000000000000e+04 7.190000000000000000e+02
1.190200000000000000e+04 8.300000000000000000e+02
1.190800000000000000e+04 7.580000000000000000e+02
1.195400000000000000e+04 7.870000000000000000e+02
1.195900000000000000e+04 7.890000000000000000e+02
1.196200000000000000e+04 7.410000000000000000e+02
1.196800000000000000e+04 7.200000000000000000e+02
1.197200000000000000e+04 8.290000000000000000e+02
1.198900000000000000e+04 7.420000000000000000e+02
1.199300000000000000e+04 8.500000000000000000e+02
1.200200000000000000e+04 7.590000000000000000e+02
1.200300000000000000e+04 8.680000000000000000e+02
1.205700000000000000e+04 8.130000000000000000e+02
1.207300000000000000e+04 7.520000000000000000e+02
1.207900000000000000e+04 7.530000000000000000e+02
1.208000000000000000e+04 7.540000000000000000e+02
1.209400000000000000e+04 7.440000000000000000e+02
1.210700000000000000e+04 7.670000000000000000e+02
1.213400000000000000e+04 8.260000000000000000e+02
1.215200000000000000e+04 8.360000000000000000e+02
1.221700000000000000e+04 8.820000000000000000e+02
1.225000000000000000e+04 8.050000000000000000e+02
1.227800000000000000e+04 8.370000000000000000e+02
1.227900000000000000e+04 7.620000000000000000e+02
1.230100000000000000e+04 7.610000000000000000e+02
1.231600000000000000e+04 8.150000000000000000e+02
1.235200000000000000e+04 5.210000000000000000e+02
1.238500000000000000e+04 7.600000000000000000e+02
1.240400000000000000e+04 8.200000000000000000e+02
1.242500000000000000e+04 8.430000000000000000e+02
1.244300000000000000e+04 2.278000000000000000e+03
1.246000000000000000e+04 8.770000000000000000e+02
1.247900000000000000e+04 8.440000000000000000e+02
1.248000000000000000e+04 8.450000000000000000e+02
1.248500000000000000e+04 3.800000000000000000e+02
1.248600000000000000e+04 7.710000000000000000e+02
1.248900000000000000e+04 7.830000000000000000e+02
1.250500000000000000e+04 8.390000000000000000e+02
1.250700000000000000e+04 8.460000000000000000e+02
1.251400000000000000e+04 7.980000000000000000e+02
1.252900000000000000e+04 7.970000000000000000e+02
1.253300000000000000e+04 7.850000000000000000e+02
1.254700000000000000e+04 2.701000000000000000e+03
1.259900000000000000e+04 8.250000000000000000e+02
1.260100000000000000e+04 8.870000000000000000e+02
1.260800000000000000e+04 7.880000000000000000e+02
1.262200000000000000e+04 8.620000000000000000e+02
1.264600000000000000e+04 8.730000000000000000e+02
1.265700000000000000e+04 8.240000000000000000e+02
1.266400000000000000e+04 8.180000000000000000e+02
1.266600000000000000e+04 7.860000000000000000e+02
1.267600000000000000e+04 7.900000000000000000e+02
1.267800000000000000e+04 7.930000000000000000e+02
1.268500000000000000e+04 9.080000000000000000e+02
1.270500000000000000e+04 8.230000000000000000e+02
1.271200000000000000e+04 8.330000000000000000e+02
1.273200000000000000e+04 9.060000000000000000e+02
1.275000000000000000e+04 8.040000000000000000e+02
1.277200000000000000e+04 8.490000000000000000e+02
1.279300000000000000e+04 9.140000000000000000e+02
1.287400000000000000e+04 8.410000000000000000e+02
1.289000000000000000e+04 8.590000000000000000e+02
1.290100000000000000e+04 8.420000000000000000e+02
1.290200000000000000e+04 9.340000000000000000e+02
1.290300000000000000e+04 9.350000000000000000e+02
1.292000000000000000e+04 9.070000000000000000e+02
1.298000000000000000e+04 8.880000000000000000e+02
1.304700000000000000e+04 8.170000000000000000e+02
1.306500000000000000e+04 9.500000000000000000e+02
1.308200000000000000e+04 2.705000000000000000e+03
1.308700000000000000e+04 8.550000000000000000e+02
1.311100000000000000e+04 8.480000000000000000e+02
1.311300000000000000e+04 9.530000000000000000e+02
1.313000000000000000e+04 8.530000000000000000e+02
1.313100000000000000e+04 8.530000000000000000e+02
1.316000000000000000e+04 4.630000000000000000e+02
1.318900000000000000e+04 8.940000000000000000e+02
1.319800000000000000e+04 8.600000000000000000e+02
1.320600000000000000e+04 9.160000000000000000e+02
1.321500000000000000e+04 3.800000000000000000e+02
1.322200000000000000e+04 8.280000000000000000e+02
1.323600000000000000e+04 9.550000000000000000e+02
1.324000000000000000e+04 9.420000000000000000e+02
1.324700000000000000e+04 8.980000000000000000e+02
1.325000000000000000e+04 9.280000000000000000e+02
1.326500000000000000e+04 8.900000000000000000e+02
1.328100000000000000e+04 8.650000000000000000e+02
1.328200000000000000e+04 8.660000000000000000e+02
1.328300000000000000e+04 3.482000000000000000e+03
1.329100000000000000e+04 9.210000000000000000e+02
1.329200000000000000e+04 9.220000000000000000e+02
1.333200000000000000e+04 9.710000000000000000e+02
1.335500000000000000e+04 9.750000000000000000e+02
1.339300000000000000e+04 5.280000000000000000e+02
1.339600000000000000e+04 8.700000000000000000e+02
1.342800000000000000e+04 8.850000000000000000e+02
1.349800000000000000e+04 1.000000000000000000e+03
1.353500000000000000e+04 9.170000000000000000e+02
1.356400000000000000e+04 9.670000000000000000e+02
1.357100000000000000e+04 9.480000000000000000e+02
1.357200000000000000e+04 9.120000000000000000e+02
1.357600000000000000e+04 9.180000000000000000e+02
1.362900000000000000e+04 9.640000000000000000e+02
1.364700000000000000e+04 3.800000000000000000e+02
1.368100000000000000e+04 9.980000000000000000e+02
1.370600000000000000e+04 9.860000000000000000e+02
1.371500000000000000e+04 1.011000000000000000e+03
1.377700000000000000e+04 9.010000000000000000e+02
1.378200000000000000e+04 9.320000000000000000e+02
1.381900000000000000e+04 1.580000000000000000e+02
1.383200000000000000e+04 8.760000000000000000e+02
1.387600000000000000e+04 9.870000000000000000e+02
1.388000000000000000e+04 9.290000000000000000e+02
1.388400000000000000e+04 9.760000000000000000e+02
1.389600000000000000e+04 5.636000000000000000e+03
1.391800000000000000e+04 9.790000000000000000e+02
1.393100000000000000e+04 9.020000000000000000e+02
1.394500000000000000e+04 9.050000000000000000e+02
1.395700000000000000e+04 9.330000000000000000e+02
1.396300000000000000e+04 8.990000000000000000e+02
1.400800000000000000e+04 1.034000000000000000e+03
1.402100000000000000e+04 9.030000000000000000e+02
1.404800000000000000e+04 9.390000000000000000e+02
1.406300000000000000e+04 9.370000000000000000e+02
1.410300000000000000e+04 1.024000000000000000e+03
1.412800000000000000e+04 1.039000000000000000e+03
1.414200000000000000e+04 9.600000000000000000e+02
1.414300000000000000e+04 9.540000000000000000e+02
1.418400000000000000e+04 9.770000000000000000e+02
1.418600000000000000e+04 9.700000000000000000e+02
1.419400000000000000e+04 1.026000000000000000e+03
1.422700000000000000e+04 9.560000000000000000e+02
1.424700000000000000e+04 2.606000000000000000e+03
1.425200000000000000e+04 9.730000000000000000e+02
1.425500000000000000e+04 1.037000000000000000e+03
1.425900000000000000e+04 1.048000000000000000e+03
1.428500000000000000e+04 9.820000000000000000e+02
1.429300000000000000e+04 1.016000000000000000e+03
1.431800000000000000e+04 9.720000000000000000e+02
1.435300000000000000e+04 9.260000000000000000e+02
1.436700000000000000e+04 1.007000000000000000e+03
1.438400000000000000e+04 9.950000000000000000e+02
1.440500000000000000e+04 9.380000000000000000e+02
1.441100000000000000e+04 1.065000000000000000e+03
1.441200000000000000e+04 1.066000000000000000e+03
1.442400000000000000e+04 9.830000000000000000e+02
1.444100000000000000e+04 1.020000000000000000e+03
1.446700000000000000e+04 1.029000000000000000e+03
1.458000000000000000e+04 3.808000000000000000e+03
1.459800000000000000e+04 9.940000000000000000e+02
1.461400000000000000e+04 1.088000000000000000e+03
1.465400000000000000e+04 9.620000000000000000e+02
1.466900000000000000e+04 1.038000000000000000e+03
1.467400000000000000e+04 1.089000000000000000e+03
1.468000000000000000e+04 1.041000000000000000e+03
1.469200000000000000e+04 9.970000000000000000e+02
1.471900000000000000e+04 1.033000000000000000e+03
1.474200000000000000e+04 1.094000000000000000e+03
1.478400000000000000e+04 9.740000000000000000e+02
1.478600000000000000e+04 1.057000000000000000e+03
1.479000000000000000e+04 1.040000000000000000e+03
1.479300000000000000e+04 1.060000000000000000e+03
1.483200000000000000e+04 9.880000000000000000e+02
1.488300000000000000e+04 1.017000000000000000e+03
1.491100000000000000e+04 1.005000000000000000e+03
1.494800000000000000e+04 1.012000000000000000e+03
1.497100000000000000e+04 1.099000000000000000e+03
1.497200000000000000e+04 1.005000000000000000e+03
1.508400000000000000e+04 1.003000000000000000e+03
1.510100000000000000e+04 1.109000000000000000e+03
1.510800000000000000e+04 1.006000000000000000e+03
1.512700000000000000e+04 7.860000000000000000e+02
1.520200000000000000e+04 1.045000000000000000e+03
1.520500000000000000e+04 1.022000000000000000e+03
1.521300000000000000e+04 1.027000000000000000e+03
1.526100000000000000e+04 1.106000000000000000e+03
1.526200000000000000e+04 1.107000000000000000e+03
1.534100000000000000e+04 1.111000000000000000e+03
1.535400000000000000e+04 1.050000000000000000e+03
1.535800000000000000e+04 1.051000000000000000e+03
1.538200000000000000e+04 1.093000000000000000e+03
1.540500000000000000e+04 1.047000000000000000e+03
1.540600000000000000e+04 1.072000000000000000e+03
1.543600000000000000e+04 1.053000000000000000e+03
1.544600000000000000e+04 1.090000000000000000e+03
1.549500000000000000e+04 1.129000000000000000e+03
1.551300000000000000e+04 1.086000000000000000e+03
1.553900000000000000e+04 1.080000000000000000e+03
1.559400000000000000e+04 1.067000000000000000e+03
1.560100000000000000e+04 1.126000000000000000e+03
1.561500000000000000e+04 1.058000000000000000e+03
1.567600000000000000e+04 1.077000000000000000e+03
1.568500000000000000e+04 1.083000000000000000e+03
1.569300000000000000e+04 1.064000000000000000e+03
1.573800000000000000e+04 1.052000000000000000e+03
1.581800000000000000e+04 1.149000000000000000e+03
1.588300000000000000e+04 1.100000000000000000e+03
1.593400000000000000e+04 1.766000000000000000e+03
1.594200000000000000e+04 1.103000000000000000e+03
1.596100000000000000e+04 1.148000000000000000e+03
1.599900000000000000e+04 1.095000000000000000e+03
1.602100000000000000e+04 1.114000000000000000e+03
1.603500000000000000e+04 1.101000000000000000e+03
1.606500000000000000e+04 1.159000000000000000e+03
1.607300000000000000e+04 1.155000000000000000e+03
1.621900000000000000e+04 1.122000000000000000e+03
1.624900000000000000e+04 1.120000000000000000e+03
1.628400000000000000e+04 1.171000000000000000e+03
1.628900000000000000e+04 1.169000000000000000e+03
1.630700000000000000e+04 1.166000000000000000e+03
1.631300000000000000e+04 1.262000000000000000e+03
1.632100000000000000e+04 1.166000000000000000e+03
1.632800000000000000e+04 1.124000000000000000e+03
1.633000000000000000e+04 1.167000000000000000e+03
1.638800000000000000e+04 1.135000000000000000e+03
1.640200000000000000e+04 1.184000000000000000e+03
1.641000000000000000e+04 1.144000000000000000e+03
1.642200000000000000e+04 1.147000000000000000e+03
1.643200000000000000e+04 1.180000000000000000e+03
1.643300000000000000e+04 1.181000000000000000e+03
1.645400000000000000e+04 1.185000000000000000e+03
1.649700000000000000e+04 1.164000000000000000e+03
1.650400000000000000e+04 1.154000000000000000e+03
1.650500000000000000e+04 1.196000000000000000e+03
1.653300000000000000e+04 1.190000000000000000e+03
1.657500000000000000e+04 1.203000000000000000e+03
1.657600000000000000e+04 1.206000000000000000e+03
1.659300000000000000e+04 1.152000000000000000e+03
1.659700000000000000e+04 1.204000000000000000e+03
1.659900000000000000e+04 1.146000000000000000e+03
1.666800000000000000e+04 1.213000000000000000e+03
1.667500000000000000e+04 1.218000000000000000e+03
1.667600000000000000e+04 1.172000000000000000e+03
1.668900000000000000e+04 1.163000000000000000e+03
1.670000000000000000e+04 1.168000000000000000e+03
1.674400000000000000e+04 1.222000000000000000e+03
1.676600000000000000e+04 1.197000000000000000e+03
1.677400000000000000e+04 1.201000000000000000e+03
1.678100000000000000e+04 1.224000000000000000e+03
1.679700000000000000e+04 1.234000000000000000e+03
1.684100000000000000e+04 1.240000000000000000e+03
1.684300000000000000e+04 1.233000000000000000e+03
1.684400000000000000e+04 1.233000000000000000e+03
1.684500000000000000e+04 1.232000000000000000e+03
1.684600000000000000e+04 1.209000000000000000e+03
1.694000000000000000e+04 1.244000000000000000e+03
1.694600000000000000e+04 1.243000000000000000e+03
1.695800000000000000e+04 1.207000000000000000e+03
1.696000000000000000e+04 1.205000000000000000e+03
1.696100000000000000e+04 1.254000000000000000e+03
1.697600000000000000e+04 1.216000000000000000e+03
1.698000000000000000e+04 1.247000000000000000e+03
1.698800000000000000e+04 1.225000000000000000e+03
1.700000000000000000e+04 1.262000000000000000e+03
1.707300000000000000e+04 1.256000000000000000e+03
1.707600000000000000e+04 1.212000000000000000e+03
1.709200000000000000e+04 1.217000000000000000e+03
1.711000000000000000e+04 1.210000000000000000e+03
1.711400000000000000e+04 1.268000000000000000e+03
1.712200000000000000e+04 1.271000000000000000e+03
1.716800000000000000e+04 1.219000000000000000e+03
1.721000000000000000e+04 1.223000000000000000e+03
1.721600000000000000e+04 1.277000000000000000e+03
1.722000000000000000e+04 1.286000000000000000e+03
1.722600000000000000e+04 1.279000000000000000e+03
1.724000000000000000e+04 1.263000000000000000e+03
1.724500000000000000e+04 1.229000000000000000e+03
1.724800000000000000e+04 1.280000000000000000e+03
1.724900000000000000e+04 1.281000000000000000e+03
1.726400000000000000e+04 1.231000000000000000e+03
1.729200000000000000e+04 1.236000000000000000e+03
1.736800000000000000e+04 1.260000000000000000e+03
1.738500000000000000e+04 1.300000000000000000e+03
1.739500000000000000e+04 1.302000000000000000e+03
1.740200000000000000e+04 1.255000000000000000e+03
1.740700000000000000e+04 1.259000000000000000e+03
1.742800000000000000e+04 1.261000000000000000e+03
1.743900000000000000e+04 1.264000000000000000e+03
1.748100000000000000e+04 1.285000000000000000e+03
1.748700000000000000e+04 1.305000000000000000e+03
1.749900000000000000e+04 1.296000000000000000e+03
1.750100000000000000e+04 1.273000000000000000e+03
1.750200000000000000e+04 1.930000000000000000e+02
1.750400000000000000e+04 1.278000000000000000e+03
1.752800000000000000e+04 1.267000000000000000e+03
1.753800000000000000e+04 1.282000000000000000e+03
1.755800000000000000e+04 1.269000000000000000e+03
1.757200000000000000e+04 1.316000000000000000e+03
1.757500000000000000e+04 1.315000000000000000e+03
1.758700000000000000e+04 1.274000000000000000e+03
1.760100000000000000e+04 1.270000000000000000e+03
1.761500000000000000e+04 1.318000000000000000e+03
1.761600000000000000e+04 1.323000000000000000e+03
1.761700000000000000e+04 1.324000000000000000e+03
1.764000000000000000e+04 1.294000000000000000e+03
1.764100000000000000e+04 1.295000000000000000e+03
1.766600000000000000e+04 1.335000000000000000e+03
1.768800000000000000e+04 1.304000000000000000e+03
1.770100000000000000e+04 1.337000000000000000e+03
1.770600000000000000e+04 1.297000000000000000e+03
1.770900000000000000e+04 1.336000000000000000e+03
1.771100000000000000e+04 1.320000000000000000e+03
1.772700000000000000e+04 1.291000000000000000e+03
1.774700000000000000e+04 1.299000000000000000e+03
1.775800000000000000e+04 1.330000000000000000e+03
1.776600000000000000e+04 1.308000000000000000e+03
1.778400000000000000e+04 1.303000000000000000e+03
1.779300000000000000e+04 1.342000000000000000e+03
1.780200000000000000e+04 1.345000000000000000e+03
1.781100000000000000e+04 1.314000000000000000e+03
1.781900000000000000e+04 1.346000000000000000e+03
1.782300000000000000e+04 1.356000000000000000e+03
1.784200000000000000e+04 1.631000000000000000e+03
1.785100000000000000e+04 1.311000000000000000e+03
1.785800000000000000e+04 1.354000000000000000e+03
1.787400000000000000e+04 1.363000000000000000e+03
1.787800000000000000e+04 1.353000000000000000e+03
1.789500000000000000e+04 1.362000000000000000e+03
1.789700000000000000e+04 1.358000000000000000e+03
1.789800000000000000e+04 1.317000000000000000e+03
1.791000000000000000e+04 1.366000000000000000e+03
1.794300000000000000e+04 1.429000000000000000e+03
1.796300000000000000e+04 1.325000000000000000e+03
1.797700000000000000e+04 1.333000000000000000e+03
1.800500000000000000e+04 1.335000000000000000e+03
1.800900000000000000e+04 1.379000000000000000e+03
1.801600000000000000e+04 1.352000000000000000e+03
1.806200000000000000e+04 1.351000000000000000e+03
1.807600000000000000e+04 1.393000000000000000e+03
1.808400000000000000e+04 1.340000000000000000e+03
1.808700000000000000e+04 1.391000000000000000e+03
1.809500000000000000e+04 1.392000000000000000e+03
1.810500000000000000e+04 1.370000000000000000e+03
1.811400000000000000e+04 1.368000000000000000e+03
1.812100000000000000e+04 1.357000000000000000e+03
1.815000000000000000e+04 1.367000000000000000e+03
1.816700000000000000e+04 1.375000000000000000e+03
1.817500000000000000e+04 1.399000000000000000e+03
1.817800000000000000e+04 1.365000000000000000e+03
1.819100000000000000e+04 1.405000000000000000e+03
1.820100000000000000e+04 1.406000000000000000e+03
1.821300000000000000e+04 1.380000000000000000e+03
1.821900000000000000e+04 1.409000000000000000e+03
1.822200000000000000e+04 1.408000000000000000e+03
1.825300000000000000e+04 1.413000000000000000e+03
1.827400000000000000e+04 1.417000000000000000e+03
1.827700000000000000e+04 1.385000000000000000e+03
1.827800000000000000e+04 1.386000000000000000e+03
1.832300000000000000e+04 1.425000000000000000e+03
1.836000000000000000e+04 1.428000000000000000e+03
1.836200000000000000e+04 1.403000000000000000e+03
1.837900000000000000e+04 1.349000000000000000e+03
1.838900000000000000e+04 1.435000000000000000e+03
1.840400000000000000e+04 1.421000000000000000e+03
1.840500000000000000e+04 1.422000000000000000e+03
1.842200000000000000e+04 1.429000000000000000e+03
1.842800000000000000e+04 1.438000000000000000e+03
1.843300000000000000e+04 1.441000000000000000e+03
1.845900000000000000e+04 1.819000000000000000e+03
1.846500000000000000e+04 1.407000000000000000e+03
1.847900000000000000e+04 1.431000000000000000e+03
1.848800000000000000e+04 1.424000000000000000e+03
1.849000000000000000e+04 1.624000000000000000e+03
1.849200000000000000e+04 1.416000000000000000e+03
1.849400000000000000e+04 1.412000000000000000e+03
1.849700000000000000e+04 1.447000000000000000e+03
1.851600000000000000e+04 1.450000000000000000e+03
1.852400000000000000e+04 1.449000000000000000e+03
1.852900000000000000e+04 1.451000000000000000e+03
1.853200000000000000e+04 1.110000000000000000e+02
1.854900000000000000e+04 1.442000000000000000e+03
1.855100000000000000e+04 1.434000000000000000e+03
1.855400000000000000e+04 1.443000000000000000e+03
1.856300000000000000e+04 1.444000000000000000e+03
1.858700000000000000e+04 1.430000000000000000e+03
1.859900000000000000e+04 1.446000000000000000e+03
1.862800000000000000e+04 1.459000000000000000e+03
1.863700000000000000e+04 1.453000000000000000e+03
1.864300000000000000e+04 1.440000000000000000e+03
1.864700000000000000e+04 1.439000000000000000e+03
1.872900000000000000e+04 1.462000000000000000e+03
1.875600000000000000e+04 1.470000000000000000e+03
1.876000000000000000e+04 1.464000000000000000e+03
1.879500000000000000e+04 4.420000000000000000e+03
1.879900000000000000e+04 1.472000000000000000e+03
1.880800000000000000e+04 1.474000000000000000e+03
1.882500000000000000e+04 1.471000000000000000e+03
1.882900000000000000e+04 1.465000000000000000e+03
1.888300000000000000e+04 1.640000000000000000e+03
1.889800000000000000e+04 1.490000000000000000e+03
1.892000000000000000e+04 1.488000000000000000e+03
1.892900000000000000e+04 1.479000000000000000e+03
1.899000000000000000e+04 2.294000000000000000e+03
1.899800000000000000e+04 3.800000000000000000e+02
1.899900000000000000e+04 3.800000000000000000e+02
1.900400000000000000e+04 2.294000000000000000e+03
1.901000000000000000e+04 1.504000000000000000e+03
1.902700000000000000e+04 1.500000000000000000e+03
1.905200000000000000e+04 1.505000000000000000e+03
1.905600000000000000e+04 1.505000000000000000e+03
1.906000000000000000e+04 1.110000000000000000e+02
1.907000000000000000e+04 3.800000000000000000e+02
1.914500000000000000e+04 1.510000000000000000e+03
1.919900000000000000e+04 1.515000000000000000e+03
1.921600000000000000e+04 1.512000000000000000e+03
1.922100000000000000e+04 1.511000000000000000e+03
1.926400000000000000e+04 1.516000000000000000e+03
1.929300000000000000e+04 1.518000000000000000e+03
1.930400000000000000e+04 1.110000000000000000e+02
1.930700000000000000e+04 1.110000000000000000e+02
1.932100000000000000e+04 1.520000000000000000e+03
1.933000000000000000e+04 1.110000000000000000e+02
1.933300000000000000e+04 1.524000000000000000e+03
1.934600000000000000e+04 1.599000000000000000e+03
1.935000000000000000e+04 1.523000000000000000e+03
1.935500000000000000e+04 1.522000000000000000e+03
1.937700000000000000e+04 1.525000000000000000e+03
1.937800000000000000e+04 1.347000000000000000e+03
1.940600000000000000e+04 1.529000000000000000e+03
1.944100000000000000e+04 1.527000000000000000e+03
1.946200000000000000e+04 1.528000000000000000e+03
1.950400000000000000e+04 3.800000000000000000e+02
1.952000000000000000e+04 1.530000000000000000e+03
1.958800000000000000e+04 1.530000000000000000e+03
1.959600000000000000e+04 1.532000000000000000e+03
1.961000000000000000e+04 1.533000000000000000e+03
1.963200000000000000e+04 1.536000000000000000e+03
1.963800000000000000e+04 1.280000000000000000e+02
1.966600000000000000e+04 1.538000000000000000e+03
1.967500000000000000e+04 1.541000000000000000e+03
1.981300000000000000e+04 1.386000000000000000e+03
1.984300000000000000e+04 1.010000000000000000e+02
1.987600000000000000e+04 1.548000000000000000e+03
1.988200000000000000e+04 1.549000000000000000e+03
1.990000000000000000e+04 1.471000000000000000e+03
1.996100000000000000e+04 1.550000000000000000e+03
2.006300000000000000e+04 1.774000000000000000e+03
2.014000000000000000e+04 1.552000000000000000e+03
2.019400000000000000e+04 1.711000000000000000e+03
2.026400000000000000e+04 5.210000000000000000e+02
2.031800000000000000e+04 1.555000000000000000e+03
2.034900000000000000e+04 1.624000000000000000e+03
2.040000000000000000e+04 1.556000000000000000e+03
2.044100000000000000e+04 1.488000000000000000e+03
2.044900000000000000e+04 1.557000000000000000e+03
2.045200000000000000e+04 1.558000000000000000e+03
2.048700000000000000e+04 1.559000000000000000e+03
2.059600000000000000e+04 1.560000000000000000e+03
2.062100000000000000e+04 1.563000000000000000e+03
2.062800000000000000e+04 1.010000000000000000e+02
2.067300000000000000e+04 1.568000000000000000e+03
2.074100000000000000e+04 1.566000000000000000e+03
2.074600000000000000e+04 1.567000000000000000e+03
2.074800000000000000e+04 1.110000000000000000e+02
2.076000000000000000e+04 1.568000000000000000e+03
2.079800000000000000e+04 1.110000000000000000e+02
2.090500000000000000e+04 1.569000000000000000e+03
2.093100000000000000e+04 1.570000000000000000e+03
2.097700000000000000e+04 1.110000000000000000e+02
2.100200000000000000e+04 2.699000000000000000e+03
2.100800000000000000e+04 1.576000000000000000e+03
2.104700000000000000e+04 1.705000000000000000e+03
2.105400000000000000e+04 1.579000000000000000e+03
2.107100000000000000e+04 3.407000000000000000e+03
2.120400000000000000e+04 1.584000000000000000e+03
2.121500000000000000e+04 1.585000000000000000e+03
2.125500000000000000e+04 4.853000000000000000e+03
2.129800000000000000e+04 5.210000000000000000e+02
2.129900000000000000e+04 1.586000000000000000e+03
2.143300000000000000e+04 1.110000000000000000e+02
2.145800000000000000e+04 1.589000000000000000e+03
2.151700000000000000e+04 2.654000000000000000e+03
2.180400000000000000e+04 1.593000000000000000e+03
2.180500000000000000e+04 1.594000000000000000e+03
2.180800000000000000e+04 2.106000000000000000e+03
2.182100000000000000e+04 1.110000000000000000e+02
2.197300000000000000e+04 1.600000000000000000e+03
2.206900000000000000e+04 2.911000000000000000e+03
2.215000000000000000e+04 1.609000000000000000e+03
2.216900000000000000e+04 1.610000000000000000e+03
2.228900000000000000e+04 3.800000000000000000e+02
2.229800000000000000e+04 1.110000000000000000e+02
2.233000000000000000e+04 1.614000000000000000e+03
2.239300000000000000e+04 1.620000000000000000e+03
2.242700000000000000e+04 1.110000000000000000e+02
2.244100000000000000e+04 1.617000000000000000e+03
2.245300000000000000e+04 1.622000000000000000e+03
2.249100000000000000e+04 1.485000000000000000e+03
2.250900000000000000e+04 1.627000000000000000e+03
2.251000000000000000e+04 1.628000000000000000e+03
2.251800000000000000e+04 1.774000000000000000e+03
2.257400000000000000e+04 1.774000000000000000e+03
2.260900000000000000e+04 1.774000000000000000e+03
2.264100000000000000e+04 5.980000000000000000e+02
2.265600000000000000e+04 1.110000000000000000e+02
2.277100000000000000e+04 1.421000000000000000e+03
2.283300000000000000e+04 1.654000000000000000e+03
2.285200000000000000e+04 1.648000000000000000e+03
2.297600000000000000e+04 1.110000000000000000e+02
2.297800000000000000e+04 1.676000000000000000e+03
2.307600000000000000e+04 1.678000000000000000e+03
2.312300000000000000e+04 1.682000000000000000e+03
2.314600000000000000e+04 1.697000000000000000e+03
2.328100000000000000e+04 1.702000000000000000e+03
2.333100000000000000e+04 1.713000000000000000e+03
2.334500000000000000e+04 1.710000000000000000e+03
2.337000000000000000e+04 1.716000000000000000e+03
2.337400000000000000e+04 1.720000000000000000e+03
2.338000000000000000e+04 1.724000000000000000e+03
2.346400000000000000e+04 1.729000000000000000e+03
2.346600000000000000e+04 1.730000000000000000e+03
2.349600000000000000e+04 1.738000000000000000e+03
2.350600000000000000e+04 1.736000000000000000e+03
2.352900000000000000e+04 1.745000000000000000e+03
2.354000000000000000e+04 5.355000000000000000e+03
2.357900000000000000e+04 1.753000000000000000e+03
2.358100000000000000e+04 1.773000000000000000e+03
2.358200000000000000e+04 1.774000000000000000e+03
2.360400000000000000e+04 1.357000000000000000e+03
2.362700000000000000e+04 1.760000000000000000e+03
2.364000000000000000e+04 1.763000000000000000e+03
2.365000000000000000e+04 1.777000000000000000e+03
2.369300000000000000e+04 1.773000000000000000e+03
2.376000000000000000e+04 2.463000000000000000e+03
2.377300000000000000e+04 1.787000000000000000e+03
2.378600000000000000e+04 1.791000000000000000e+03
2.384300000000000000e+04 1.801000000000000000e+03
2.384800000000000000e+04 1.819000000000000000e+03
2.385000000000000000e+04 1.802000000000000000e+03
2.385700000000000000e+04 1.806000000000000000e+03
2.385800000000000000e+04 1.807000000000000000e+03
2.389500000000000000e+04 1.818000000000000000e+03
2.390800000000000000e+04 1.840000000000000000e+03
2.391100000000000000e+04 3.869000000000000000e+03
2.391800000000000000e+04 1.823000000000000000e+03
2.394600000000000000e+04 1.826000000000000000e+03
2.394800000000000000e+04 1.830000000000000000e+03
2.395400000000000000e+04 1.827000000000000000e+03
2.403900000000000000e+04 1.839000000000000000e+03
2.404800000000000000e+04 1.842000000000000000e+03
2.405300000000000000e+04 1.869000000000000000e+03
2.406400000000000000e+04 1.850000000000000000e+03
2.407700000000000000e+04 1.872000000000000000e+03
2.409700000000000000e+04 1.357000000000000000e+03
2.410800000000000000e+04 1.855000000000000000e+03
2.411500000000000000e+04 1.856000000000000000e+03
2.412000000000000000e+04 1.608000000000000000e+03
2.412900000000000000e+04 1.862000000000000000e+03
2.414000000000000000e+04 1.884000000000000000e+03
2.417200000000000000e+04 1.873000000000000000e+03
2.417600000000000000e+04 1.898000000000000000e+03
2.419000000000000000e+04 1.875000000000000000e+03
2.421000000000000000e+04 1.900000000000000000e+03
2.421200000000000000e+04 1.909000000000000000e+03
2.423300000000000000e+04 1.883000000000000000e+03
2.425500000000000000e+04 1.891000000000000000e+03
2.429100000000000000e+04 1.908000000000000000e+03
2.433800000000000000e+04 1.945000000000000000e+03
2.436500000000000000e+04 1.923000000000000000e+03
2.436600000000000000e+04 1.110000000000000000e+02
2.437100000000000000e+04 1.920000000000000000e+03
2.439300000000000000e+04 1.963000000000000000e+03
2.439400000000000000e+04 1.948000000000000000e+03
2.441300000000000000e+04 1.944000000000000000e+03
2.442300000000000000e+04 1.942000000000000000e+03
2.442500000000000000e+04 1.967000000000000000e+03
2.443100000000000000e+04 1.955000000000000000e+03
2.445200000000000000e+04 1.947000000000000000e+03
2.450300000000000000e+04 1.974000000000000000e+03
2.452300000000000000e+04 1.975000000000000000e+03
2.453600000000000000e+04 1.966000000000000000e+03
2.454200000000000000e+04 1.999000000000000000e+03
2.455000000000000000e+04 1.969000000000000000e+03
2.460200000000000000e+04 1.980000000000000000e+03
2.464900000000000000e+04 5.086000000000000000e+03
2.468600000000000000e+04 2.011000000000000000e+03
2.468800000000000000e+04 2.024000000000000000e+03
2.468900000000000000e+04 2.974000000000000000e+03
2.469500000000000000e+04 2.026000000000000000e+03
2.473700000000000000e+04 2.022000000000000000e+03
2.476200000000000000e+04 2.037000000000000000e+03
2.477900000000000000e+04 2.035000000000000000e+03
2.479900000000000000e+04 2.048000000000000000e+03
2.483100000000000000e+04 2.064000000000000000e+03
2.485600000000000000e+04 2.061000000000000000e+03
2.487600000000000000e+04 2.084000000000000000e+03
2.489500000000000000e+04 2.074000000000000000e+03
2.493900000000000000e+04 2.124000000000000000e+03
2.495900000000000000e+04 2.101000000000000000e+03
2.497400000000000000e+04 2.117000000000000000e+03
2.498500000000000000e+04 2.132000000000000000e+03
2.500900000000000000e+04 2.104000000000000000e+03
2.501100000000000000e+04 2.157000000000000000e+03
2.501200000000000000e+04 2.098000000000000000e+03
2.503200000000000000e+04 2.118000000000000000e+03
2.510300000000000000e+04 2.169000000000000000e+03
2.511500000000000000e+04 2.135000000000000000e+03
2.519100000000000000e+04 2.212000000000000000e+03
2.521700000000000000e+04 1.774000000000000000e+03
2.522200000000000000e+04 2.204000000000000000e+03
2.526100000000000000e+04 2.219000000000000000e+03
2.529200000000000000e+04 2.189000000000000000e+03
2.529400000000000000e+04 2.196000000000000000e+03
2.529500000000000000e+04 2.182000000000000000e+03
2.535100000000000000e+04 2.242000000000000000e+03
2.537500000000000000e+04 2.227000000000000000e+03
2.540700000000000000e+04 2.232000000000000000e+03
2.541600000000000000e+04 2.279000000000000000e+03
2.546500000000000000e+04 2.294000000000000000e+03
2.548100000000000000e+04 2.266000000000000000e+03
2.549800000000000000e+04 2.264000000000000000e+03
2.549900000000000000e+04 2.272000000000000000e+03
2.550900000000000000e+04 2.333000000000000000e+03
2.551000000000000000e+04 2.334000000000000000e+03
2.553000000000000000e+04 2.988000000000000000e+03
2.553800000000000000e+04 2.318000000000000000e+03
2.555300000000000000e+04 2.307000000000000000e+03
2.565400000000000000e+04 2.382000000000000000e+03
2.567300000000000000e+04 2.340000000000000000e+03
2.567500000000000000e+04 2.406000000000000000e+03
2.568700000000000000e+04 2.338000000000000000e+03
2.572200000000000000e+04 2.359000000000000000e+03
2.572500000000000000e+04 2.389000000000000000e+03
2.577800000000000000e+04 2.388000000000000000e+03
2.578000000000000000e+04 2.417000000000000000e+03
2.578100000000000000e+04 1.110000000000000000e+02
2.586000000000000000e+04 2.422000000000000000e+03
2.587800000000000000e+04 2.508000000000000000e+03
2.589000000000000000e+04 2.453000000000000000e+03
2.591600000000000000e+04 2.429000000000000000e+03
2.591900000000000000e+04 2.436000000000000000e+03
2.592100000000000000e+04 2.526000000000000000e+03
2.592700000000000000e+04 2.555000000000000000e+03
2.593200000000000000e+04 2.480000000000000000e+03
2.593900000000000000e+04 2.523000000000000000e+03
2.594600000000000000e+04 2.553000000000000000e+03
2.594800000000000000e+04 2.495000000000000000e+03
2.598600000000000000e+04 2.528000000000000000e+03
2.599400000000000000e+04 2.501000000000000000e+03
2.600000000000000000e+04 2.496000000000000000e+03
2.602600000000000000e+04 2.509000000000000000e+03
2.608500000000000000e+04 2.500000000000000000e+03
2.610800000000000000e+04 2.516000000000000000e+03
2.612100000000000000e+04 2.631000000000000000e+03
2.613000000000000000e+04 2.619000000000000000e+03
2.613100000000000000e+04 3.800000000000000000e+02
2.614900000000000000e+04 2.532000000000000000e+03
2.615400000000000000e+04 2.566000000000000000e+03
2.616100000000000000e+04 2.572000000000000000e+03
2.616500000000000000e+04 2.570000000000000000e+03
2.616600000000000000e+04 2.569000000000000000e+03
2.617500000000000000e+04 2.670000000000000000e+03
2.618500000000000000e+04 2.635000000000000000e+03
2.620400000000000000e+04 2.650000000000000000e+03
2.621100000000000000e+04 2.685000000000000000e+03
2.621400000000000000e+04 2.607000000000000000e+03
2.623400000000000000e+04 2.600000000000000000e+03
2.623800000000000000e+04 2.610000000000000000e+03
2.623900000000000000e+04 2.609000000000000000e+03
2.625300000000000000e+04 2.666000000000000000e+03
2.627200000000000000e+04 2.694000000000000000e+03
2.627300000000000000e+04 2.689000000000000000e+03
2.627700000000000000e+04 2.645000000000000000e+03
2.632200000000000000e+04 2.665000000000000000e+03
2.632800000000000000e+04 2.639000000000000000e+03
2.634800000000000000e+04 2.649000000000000000e+03
2.635500000000000000e+04 2.741000000000000000e+03
2.635600000000000000e+04 2.625000000000000000e+03
2.637400000000000000e+04 2.724000000000000000e+03
2.640000000000000000e+04 2.676000000000000000e+03
2.645400000000000000e+04 2.748000000000000000e+03
2.645500000000000000e+04 2.749000000000000000e+03
2.645600000000000000e+04 2.797000000000000000e+03
2.647400000000000000e+04 2.717000000000000000e+03
2.648000000000000000e+04 2.654000000000000000e+03
2.648300000000000000e+04 2.808000000000000000e+03
2.648700000000000000e+04 2.703000000000000000e+03
2.649300000000000000e+04 2.728000000000000000e+03
2.649500000000000000e+04 2.729000000000000000e+03
2.651900000000000000e+04 2.771000000000000000e+03
2.652800000000000000e+04 2.764000000000000000e+03
2.654300000000000000e+04 2.692000000000000000e+03
2.655000000000000000e+04 2.855000000000000000e+03
2.656300000000000000e+04 2.743000000000000000e+03
2.656500000000000000e+04 2.775000000000000000e+03
2.658800000000000000e+04 2.721000000000000000e+03
2.659200000000000000e+04 2.828000000000000000e+03
2.659300000000000000e+04 2.726000000000000000e+03
2.659500000000000000e+04 2.773000000000000000e+03
2.660200000000000000e+04 2.715000000000000000e+03
2.661600000000000000e+04 2.756000000000000000e+03
2.665300000000000000e+04 2.830000000000000000e+03
2.665500000000000000e+04 2.807000000000000000e+03
2.665900000000000000e+04 2.870000000000000000e+03
2.666200000000000000e+04 2.781000000000000000e+03
2.670200000000000000e+04 2.843000000000000000e+03
2.670700000000000000e+04 2.874000000000000000e+03
2.672600000000000000e+04 2.897000000000000000e+03
2.673500000000000000e+04 2.883000000000000000e+03
2.674100000000000000e+04 2.833000000000000000e+03
2.674800000000000000e+04 2.873000000000000000e+03
2.675200000000000000e+04 2.849000000000000000e+03
2.675300000000000000e+04 2.850000000000000000e+03
2.675800000000000000e+04 2.806000000000000000e+03
2.679700000000000000e+04 2.880000000000000000e+03
2.683700000000000000e+04 2.907000000000000000e+03
2.684900000000000000e+04 2.998000000000000000e+03
2.687300000000000000e+04 2.917000000000000000e+03
2.687900000000000000e+04 2.862000000000000000e+03
2.690200000000000000e+04 2.859000000000000000e+03
2.691200000000000000e+04 2.926000000000000000e+03
2.691800000000000000e+04 2.939000000000000000e+03
2.692800000000000000e+04 2.960000000000000000e+03
2.693100000000000000e+04 3.026000000000000000e+03
2.695700000000000000e+04 2.892000000000000000e+03
2.697600000000000000e+04 2.929000000000000000e+03
2.698000000000000000e+04 3.044000000000000000e+03
2.699400000000000000e+04 3.027000000000000000e+03
2.702300000000000000e+04 3.087000000000000000e+03
2.703400000000000000e+04 3.061000000000000000e+03
2.704000000000000000e+04 2.934000000000000000e+03
2.709100000000000000e+04 2.976000000000000000e+03
2.709200000000000000e+04 3.086000000000000000e+03
2.711000000000000000e+04 3.145000000000000000e+03
2.714200000000000000e+04 3.120000000000000000e+03
2.714300000000000000e+04 1.110000000000000000e+02
2.714700000000000000e+04 3.014000000000000000e+03
2.714900000000000000e+04 3.015000000000000000e+03
2.715400000000000000e+04 3.142000000000000000e+03
2.716400000000000000e+04 3.090000000000000000e+03
2.718900000000000000e+04 3.163000000000000000e+03
2.723100000000000000e+04 3.193000000000000000e+03
2.723600000000000000e+04 3.247000000000000000e+03
2.724100000000000000e+04 3.123000000000000000e+03
2.725900000000000000e+04 3.160000000000000000e+03
2.731500000000000000e+04 3.257000000000000000e+03
2.733300000000000000e+04 3.173000000000000000e+03
2.734400000000000000e+04 3.267000000000000000e+03
2.738400000000000000e+04 3.277000000000000000e+03
2.741200000000000000e+04 3.332000000000000000e+03
2.743600000000000000e+04 3.203000000000000000e+03
2.745000000000000000e+04 3.299000000000000000e+03
2.745400000000000000e+04 3.238000000000000000e+03
2.746100000000000000e+04 3.304000000000000000e+03
2.746800000000000000e+04 3.285000000000000000e+03
2.749100000000000000e+04 3.237000000000000000e+03
2.750200000000000000e+04 3.184000000000000000e+03
2.751400000000000000e+04 5.545000000000000000e+03
2.752400000000000000e+04 3.315000000000000000e+03
2.753400000000000000e+04 3.330000000000000000e+03
2.754500000000000000e+04 3.286000000000000000e+03
2.755000000000000000e+04 3.291000000000000000e+03
2.755200000000000000e+04 3.307000000000000000e+03
2.755800000000000000e+04 3.256000000000000000e+03
2.756300000000000000e+04 3.294000000000000000e+03
2.757100000000000000e+04 3.230000000000000000e+03
2.758600000000000000e+04 3.231000000000000000e+03
2.759400000000000000e+04 3.252000000000000000e+03
2.763300000000000000e+04 3.295000000000000000e+03
2.765700000000000000e+04 3.384000000000000000e+03
2.767600000000000000e+04 3.360000000000000000e+03
2.771300000000000000e+04 3.433000000000000000e+03
2.772400000000000000e+04 3.423000000000000000e+03
2.772600000000000000e+04 3.376000000000000000e+03
2.774500000000000000e+04 3.311000000000000000e+03
2.775100000000000000e+04 3.329000000000000000e+03
2.775800000000000000e+04 3.436000000000000000e+03
2.776200000000000000e+04 3.321000000000000000e+03
2.779900000000000000e+04 3.421000000000000000e+03
2.782100000000000000e+04 3.422000000000000000e+03
2.786900000000000000e+04 3.468000000000000000e+03
2.793100000000000000e+04 3.513000000000000000e+03
2.793900000000000000e+04 3.548000000000000000e+03
2.802300000000000000e+04 3.551000000000000000e+03
2.802800000000000000e+04 3.538000000000000000e+03
2.803900000000000000e+04 3.473000000000000000e+03
2.805100000000000000e+04 3.593000000000000000e+03
2.808000000000000000e+04 3.535000000000000000e+03
2.810800000000000000e+04 3.515000000000000000e+03
2.816500000000000000e+04 3.536000000000000000e+03
2.819300000000000000e+04 3.711000000000000000e+03
2.822600000000000000e+04 3.622000000000000000e+03
2.823100000000000000e+04 3.697000000000000000e+03
2.824300000000000000e+04 3.717000000000000000e+03
2.825000000000000000e+04 3.684000000000000000e+03
2.827100000000000000e+04 3.682000000000000000e+03
2.828000000000000000e+04 3.671000000000000000e+03
2.829600000000000000e+04 3.659000000000000000e+03
2.830600000000000000e+04 3.600000000000000000e+03
2.831300000000000000e+04 3.694000000000000000e+03
2.831400000000000000e+04 3.598000000000000000e+03
2.831500000000000000e+04 3.599000000000000000e+03
2.831600000000000000e+04 3.617000000000000000e+03
2.833000000000000000e+04 3.704000000000000000e+03
2.837600000000000000e+04 3.646000000000000000e+03
2.838100000000000000e+04 3.761000000000000000e+03
2.839000000000000000e+04 3.763000000000000000e+03
2.841400000000000000e+04 3.643000000000000000e+03
2.841700000000000000e+04 3.737000000000000000e+03
2.841800000000000000e+04 3.718000000000000000e+03
2.846700000000000000e+04 3.777000000000000000e+03
2.850300000000000000e+04 3.696000000000000000e+03
2.850400000000000000e+04 3.686000000000000000e+03
2.850500000000000000e+04 3.687000000000000000e+03
2.858100000000000000e+04 3.742000000000000000e+03
2.858200000000000000e+04 4.580000000000000000e+03
2.858600000000000000e+04 3.690000000000000000e+03
2.860900000000000000e+04 3.814000000000000000e+03
2.861100000000000000e+04 3.807000000000000000e+03
2.865800000000000000e+04 3.856000000000000000e+03
2.868700000000000000e+04 3.881000000000000000e+03
2.868900000000000000e+04 3.802000000000000000e+03
2.870700000000000000e+04 3.961000000000000000e+03
2.872100000000000000e+04 3.878000000000000000e+03
2.873300000000000000e+04 3.902000000000000000e+03
2.875000000000000000e+04 3.963000000000000000e+03
2.877100000000000000e+04 3.884000000000000000e+03
2.881300000000000000e+04 3.830000000000000000e+03
2.881700000000000000e+04 3.970000000000000000e+03
2.882100000000000000e+04 3.842000000000000000e+03
2.884400000000000000e+04 4.007000000000000000e+03
2.885300000000000000e+04 3.984000000000000000e+03
2.887000000000000000e+04 4.016000000000000000e+03
2.889000000000000000e+04 3.973000000000000000e+03
2.891700000000000000e+04 3.981000000000000000e+03
2.894300000000000000e+04 3.945000000000000000e+03
2.896200000000000000e+04 3.917000000000000000e+03
2.897400000000000000e+04 3.461000000000000000e+03
2.898500000000000000e+04 3.977000000000000000e+03
2.903600000000000000e+04 3.944000000000000000e+03
2.905900000000000000e+04 4.020000000000000000e+03
2.906200000000000000e+04 4.065000000000000000e+03
2.906300000000000000e+04 4.043000000000000000e+03
2.907900000000000000e+04 3.943000000000000000e+03
2.908500000000000000e+04 3.932000000000000000e+03
2.915600000000000000e+04 4.125000000000000000e+03
2.919500000000000000e+04 4.056000000000000000e+03
2.920800000000000000e+04 4.096000000000000000e+03
2.921900000000000000e+04 4.087000000000000000e+03
2.922000000000000000e+04 4.088000000000000000e+03
2.924800000000000000e+04 4.160000000000000000e+03
2.926100000000000000e+04 3.404000000000000000e+03
2.926600000000000000e+04 4.131000000000000000e+03
2.928800000000000000e+04 4.061000000000000000e+03
2.937400000000000000e+04 4.210000000000000000e+03
2.938400000000000000e+04 4.291000000000000000e+03
2.939400000000000000e+04 4.205000000000000000e+03
2.939500000000000000e+04 4.206000000000000000e+03
2.939800000000000000e+04 4.270000000000000000e+03
2.943200000000000000e+04 4.278000000000000000e+03
2.943300000000000000e+04 4.182000000000000000e+03
2.945700000000000000e+04 4.175000000000000000e+03
2.946200000000000000e+04 4.122000000000000000e+03
2.950300000000000000e+04 4.201000000000000000e+03
2.953100000000000000e+04 4.185000000000000000e+03
2.953400000000000000e+04 4.302000000000000000e+03
2.959400000000000000e+04 4.321000000000000000e+03
2.962900000000000000e+04 4.420000000000000000e+03
2.964600000000000000e+04 4.297000000000000000e+03
2.965400000000000000e+04 4.236000000000000000e+03
2.965500000000000000e+04 4.301000000000000000e+03
2.967200000000000000e+04 4.370000000000000000e+03
2.969100000000000000e+04 4.422000000000000000e+03
2.971500000000000000e+04 2.324000000000000000e+03
2.975000000000000000e+04 4.376000000000000000e+03
2.975900000000000000e+04 4.214000000000000000e+03
2.977100000000000000e+04 4.343000000000000000e+03
2.977700000000000000e+04 4.336000000000000000e+03
2.977900000000000000e+04 4.290000000000000000e+03
2.979400000000000000e+04 4.283000000000000000e+03
2.984000000000000000e+04 4.262000000000000000e+03
2.984900000000000000e+04 4.259000000000000000e+03
2.985100000000000000e+04 4.272000000000000000e+03
2.985300000000000000e+04 4.304000000000000000e+03
2.987400000000000000e+04 4.545000000000000000e+03
2.987800000000000000e+04 4.327000000000000000e+03
2.989900000000000000e+04 4.300000000000000000e+01
2.991100000000000000e+04 4.260000000000000000e+03
2.991200000000000000e+04 4.261000000000000000e+03
2.991900000000000000e+04 4.359000000000000000e+03
2.992000000000000000e+04 4.360000000000000000e+03
2.993300000000000000e+04 4.398000000000000000e+03
2.997300000000000000e+04 4.479000000000000000e+03
3.001500000000000000e+04 4.384000000000000000e+03
3.002300000000000000e+04 4.611000000000000000e+03
3.007300000000000000e+04 4.454000000000000000e+03
3.007600000000000000e+04 5.529000000000000000e+03
3.007800000000000000e+04 4.362000000000000000e+03
3.008400000000000000e+04 4.372000000000000000e+03
3.008500000000000000e+04 4.373000000000000000e+03
3.010500000000000000e+04 4.471000000000000000e+03
3.011600000000000000e+04 4.445000000000000000e+03
3.015500000000000000e+04 4.481000000000000000e+03
3.016400000000000000e+04 4.430000000000000000e+03
3.020600000000000000e+04 4.655000000000000000e+03
3.021900000000000000e+04 4.601000000000000000e+03
3.022000000000000000e+04 4.602000000000000000e+03
3.023500000000000000e+04 4.553000000000000000e+03
3.025900000000000000e+04 4.616000000000000000e+03
3.028800000000000000e+04 4.609000000000000000e+03
3.029300000000000000e+04 4.551000000000000000e+03
3.030200000000000000e+04 4.532000000000000000e+03
3.033700000000000000e+04 4.511000000000000000e+03
3.038400000000000000e+04 4.743000000000000000e+03
3.038500000000000000e+04 4.744000000000000000e+03
3.039400000000000000e+04 4.635000000000000000e+03
3.044500000000000000e+04 4.741000000000000000e+03
3.045700000000000000e+04 4.818000000000000000e+03
3.045800000000000000e+04 4.819000000000000000e+03
3.047700000000000000e+04 4.653000000000000000e+03
3.047800000000000000e+04 4.680000000000000000e+03
3.048500000000000000e+04 4.807000000000000000e+03
3.048600000000000000e+04 4.809000000000000000e+03
3.054900000000000000e+04 4.860000000000000000e+03
3.058100000000000000e+04 4.752000000000000000e+03
3.058400000000000000e+04 4.883000000000000000e+03
3.058800000000000000e+04 1.803000000000000000e+03
3.059000000000000000e+04 4.610000000000000000e+03
3.061400000000000000e+04 4.783000000000000000e+03
3.061500000000000000e+04 4.810000000000000000e+03
3.061800000000000000e+04 4.630000000000000000e+03
3.062000000000000000e+04 4.904000000000000000e+03
3.063100000000000000e+04 4.788000000000000000e+03
3.064100000000000000e+04 4.775000000000000000e+03
3.066000000000000000e+04 4.914000000000000000e+03
3.066100000000000000e+04 4.805000000000000000e+03
3.066600000000000000e+04 4.703000000000000000e+03
3.069300000000000000e+04 4.873000000000000000e+03
3.071100000000000000e+04 4.966000000000000000e+03
3.072400000000000000e+04 4.949000000000000000e+03
3.075000000000000000e+04 4.910000000000000000e+03
3.077900000000000000e+04 4.918000000000000000e+03
3.078800000000000000e+04 4.766000000000000000e+03
3.079500000000000000e+04 4.845000000000000000e+03
3.080000000000000000e+04 4.857000000000000000e+03
3.089800000000000000e+04 4.971000000000000000e+03
3.091600000000000000e+04 4.934000000000000000e+03
3.096800000000000000e+04 5.137000000000000000e+03
3.097000000000000000e+04 5.135000000000000000e+03
3.100100000000000000e+04 5.118000000000000000e+03
3.101600000000000000e+04 5.097000000000000000e+03
3.103300000000000000e+04 5.022000000000000000e+03
3.103600000000000000e+04 5.053000000000000000e+03
3.104600000000000000e+04 5.166000000000000000e+03
3.104900000000000000e+04 5.007000000000000000e+03
3.108800000000000000e+04 4.998000000000000000e+03
3.111100000000000000e+04 5.033000000000000000e+03
3.112700000000000000e+04 5.191000000000000000e+03
3.114600000000000000e+04 5.215000000000000000e+03
3.114900000000000000e+04 1.280000000000000000e+02
3.118300000000000000e+04 5.042000000000000000e+03
3.120400000000000000e+04 5.102000000000000000e+03
3.123300000000000000e+04 1.636000000000000000e+03
3.123600000000000000e+04 5.243000000000000000e+03
3.127000000000000000e+04 5.139000000000000000e+03
3.127800000000000000e+04 3.800000000000000000e+02
3.128800000000000000e+04 5.233000000000000000e+03
3.129400000000000000e+04 5.160000000000000000e+03
3.131400000000000000e+04 5.211000000000000000e+03
3.134500000000000000e+04 5.288000000000000000e+03
3.135300000000000000e+04 5.289000000000000000e+03
3.135400000000000000e+04 5.320000000000000000e+03
3.135700000000000000e+04 5.245000000000000000e+03
3.140800000000000000e+04 5.318000000000000000e+03
3.145500000000000000e+04 1.280000000000000000e+02
3.147300000000000000e+04 5.373000000000000000e+03
3.154100000000000000e+04 5.369000000000000000e+03
3.154500000000000000e+04 3.800000000000000000e+02
3.155500000000000000e+04 5.337000000000000000e+03
3.159200000000000000e+04 5.343000000000000000e+03
3.159400000000000000e+04 5.720000000000000000e+03
3.163000000000000000e+04 5.414000000000000000e+03
3.165700000000000000e+04 1.420000000000000000e+03
3.165800000000000000e+04 3.800000000000000000e+02
3.168300000000000000e+04 5.417000000000000000e+03
3.168500000000000000e+04 5.440000000000000000e+03
3.170700000000000000e+04 5.396000000000000000e+03
3.172700000000000000e+04 5.436000000000000000e+03
3.173000000000000000e+04 5.511000000000000000e+03
3.179500000000000000e+04 5.496000000000000000e+03
3.180900000000000000e+04 5.519000000000000000e+03
3.188200000000000000e+04 5.504000000000000000e+03
3.189100000000000000e+04 1.010000000000000000e+02
3.189400000000000000e+04 5.548000000000000000e+03
3.192600000000000000e+04 5.595000000000000000e+03
3.193500000000000000e+04 5.571000000000000000e+03
3.194600000000000000e+04 5.520000000000000000e+03
3.195100000000000000e+04 5.550000000000000000e+03
3.198200000000000000e+04 5.644000000000000000e+03
3.199700000000000000e+04 5.618000000000000000e+03
3.201800000000000000e+04 5.663000000000000000e+03
3.204700000000000000e+04 5.624000000000000000e+03
3.211800000000000000e+04 5.622000000000000000e+03
3.213700000000000000e+04 1.503000000000000000e+03
3.214200000000000000e+04 5.677000000000000000e+03
3.214300000000000000e+04 5.641000000000000000e+03
3.215500000000000000e+04 5.630000000000000000e+03
3.216400000000000000e+04 5.683000000000000000e+03
3.216500000000000000e+04 5.684000000000000000e+03
3.221400000000000000e+04 5.647000000000000000e+03
3.225600000000000000e+04 5.695000000000000000e+03
3.227500000000000000e+04 5.661000000000000000e+03
3.234900000000000000e+04 5.752000000000000000e+03
3.240100000000000000e+04 5.804000000000000000e+03
3.244600000000000000e+04 5.789000000000000000e+03
3.253400000000000000e+04 5.872000000000000000e+03
3.254300000000000000e+04 5.807000000000000000e+03
3.257300000000000000e+04 5.880000000000000000e+03
3.257900000000000000e+04 5.899000000000000000e+03
3.259000000000000000e+04 5.830000000000000000e+03
3.260100000000000000e+04 5.889000000000000000e+03
3.260500000000000000e+04 5.845000000000000000e+03
3.273300000000000000e+04 5.905000000000000000e+03
3.273700000000000000e+04 8.150000000000000000e+02
3.332300000000000000e+04 5.980000000000000000e+02
3.351400000000000000e+04 4.221000000000000000e+03
3.360800000000000000e+04 1.010000000000000000e+02
3.396400000000000000e+04 1.930000000000000000e+02
3.409400000000000000e+04 3.800000000000000000e+02
3.428300000000000000e+04 8.400000000000000000e+01
3.428700000000000000e+04 5.322000000000000000e+03
3.446100000000000000e+04 1.227000000000000000e+03
3.451500000000000000e+04 9.000000000000000000e+01
3.465200000000000000e+04 1.187000000000000000e+03
3.470300000000000000e+04 4.512000000000000000e+03
3.478500000000000000e+04 4.420000000000000000e+03
3.489800000000000000e+04 1.930000000000000000e+02
3.499600000000000000e+04 4.420000000000000000e+03
3.516400000000000000e+04 2.304000000000000000e+03
3.569500000000000000e+04 3.800000000000000000e+02
3.593400000000000000e+04 1.930000000000000000e+02
