2.900000000000000000e+01 9.690000000000000000e+02
3.400000000000000000e+01 4.690000000000000000e+02
5.400000000000000000e+01 1.207000000000000000e+03
7.000000000000000000e+01 6.650000000000000000e+02
7.300000000000000000e+01 1.207000000000000000e+03
8.900000000000000000e+01 4.870000000000000000e+02
2.130000000000000000e+02 4.020000000000000000e+02
2.240000000000000000e+02 5.810000000000000000e+02
2.260000000000000000e+02 4.020000000000000000e+02
2.390000000000000000e+02 4.020000000000000000e+02
2.910000000000000000e+02 4.020000000000000000e+02
4.530000000000000000e+02 1.207000000000000000e+03
4.950000000000000000e+02 5.810000000000000000e+02
4.970000000000000000e+02 1.376000000000000000e+03
4.990000000000000000e+02 6.690000000000000000e+02
5.140000000000000000e+02 1.207000000000000000e+03
5.250000000000000000e+02 1.207000000000000000e+03
5.360000000000000000e+02 1.214000000000000000e+03
5.750000000000000000e+02 1.207000000000000000e+03
5.860000000000000000e+02 6.650000000000000000e+02
6.080000000000000000e+02 1.207000000000000000e+03
6.280000000000000000e+02 5.810000000000000000e+02
6.480000000000000000e+02 2.800000000000000000e+02
6.490000000000000000e+02 2.790000000000000000e+02
6.670000000000000000e+02 3.900000000000000000e+02
7.210000000000000000e+02 8.350000000000000000e+02
8.000000000000000000e+02 1.207000000000000000e+03
8.680000000000000000e+02 5.200000000000000000e+02
8.770000000000000000e+02 1.207000000000000000e+03
8.940000000000000000e+02 1.207000000000000000e+03
9.170000000000000000e+02 8.360000000000000000e+02
9.510000000000000000e+02 1.207000000000000000e+03
1.061000000000000000e+03 3.250000000000000000e+02
1.072000000000000000e+03 4.400000000000000000e+02
1.078000000000000000e+03 5.810000000000000000e+02
1.303000000000000000e+03 1.055000000000000000e+03
1.315000000000000000e+03 1.207000000000000000e+03
1.343000000000000000e+03 5.810000000000000000e+02
1.518000000000000000e+03 5.810000000000000000e+02
1.691000000000000000e+03 5.200000000000000000e+02
1.745000000000000000e+03 5.200000000000000000e+02
1.755000000000000000e+03 1.360000000000000000e+03
1.827000000000000000e+03 8.320000000000000000e+02
1.906000000000000000e+03 6.130000000000000000e+02
2.045000000000000000e+03 3.900000000000000000e+01
2.061000000000000000e+03 1.184000000000000000e+03
2.077000000000000000e+03 4.020000000000000000e+02
2.215000000000000000e+03 8.580000000000000000e+02
2.234000000000000000e+03 6.280000000000000000e+02
2.269000000000000000e+03 4.020000000000000000e+02
2.282000000000000000e+03 8.200000000000000000e+02
2.283000000000000000e+03 5.750000000000000000e+02
2.300000000000000000e+03 8.020000000000000000e+02
2.354000000000000000e+03 4.880000000000000000e+02
2.400000000000000000e+03 1.207000000000000000e+03
2.449000000000000000e+03 1.071000000000000000e+03
2.534000000000000000e+03 7.910000000000000000e+02
2.835000000000000000e+03 1.620000000000000000e+02
2.843000000000000000e+03 1.620000000000000000e+02
3.038000000000000000e+03 5.860000000000000000e+02
3.151000000000000000e+03 1.292000000000000000e+03
3.161000000000000000e+03 5.810000000000000000e+02
3.226000000000000000e+03 6.280000000000000000e+02
3.274000000000000000e+03 1.213000000000000000e+03
3.316000000000000000e+03 8.430000000000000000e+02
3.405000000000000000e+03 6.370000000000000000e+02
3.483000000000000000e+03 8.430000000000000000e+02
3.499000000000000000e+03 6.370000000000000000e+02
3.570000000000000000e+03 4.100000000000000000e+02
3.612000000000000000e+03 3.870000000000000000e+02
3.620000000000000000e+03 6.750000000000000000e+02
3.794000000000000000e+03 1.000000000000000000e+01
3.949000000000000000e+03 6.750000000000000000e+02
3.953000000000000000e+03 1.207000000000000000e+03
3.961000000000000000e+03 7.340000000000000000e+02
4.049000000000000000e+03 6.650000000000000000e+02
4.184000000000000000e+03 9.000000000000000000e+00
4.266000000000000000e+03 1.314000000000000000e+03
4.513000000000000000e+03 5.810000000000000000e+02
4.596000000000000000e+03 8.710000000000000000e+02
4.670000000000000000e+03 6.750000000000000000e+02
4.688000000000000000e+03 1.287000000000000000e+03
4.701000000000000000e+03 3.870000000000000000e+02
5.015000000000000000e+03 4.020000000000000000e+02
5.090000000000000000e+03 1.236000000000000000e+03
5.106000000000000000e+03 1.300000000000000000e+01
5.335000000000000000e+03 1.090000000000000000e+02
5.532000000000000000e+03 1.207000000000000000e+03
5.571000000000000000e+03 1.233000000000000000e+03
5.579000000000000000e+03 1.184000000000000000e+03
5.793000000000000000e+03 1.430000000000000000e+02
5.834000000000000000e+03 4.530000000000000000e+02
5.928000000000000000e+03 1.400000000000000000e+02
5.972000000000000000e+03 1.200000000000000000e+01
6.566000000000000000e+03 1.200000000000000000e+01
6.614000000000000000e+03 1.000000000000000000e+01
6.723000000000000000e+03 6.650000000000000000e+02
6.812000000000000000e+03 1.207000000000000000e+03
6.881000000000000000e+03 9.690000000000000000e+02
6.945000000000000000e+03 1.207000000000000000e+03
6.993000000000000000e+03 7.550000000000000000e+02
7.009000000000000000e+03 2.960000000000000000e+02
7.055000000000000000e+03 1.287000000000000000e+03
7.069000000000000000e+03 1.100000000000000000e+01
7.334000000000000000e+03 1.000000000000000000e+01
7.434000000000000000e+03 4.010000000000000000e+02
7.448000000000000000e+03 3.050000000000000000e+02
7.488000000000000000e+03 1.400000000000000000e+01
7.571000000000000000e+03 1.800000000000000000e+01
7.591000000000000000e+03 2.100000000000000000e+01
7.616000000000000000e+03 2.000000000000000000e+01
7.617000000000000000e+03 9.920000000000000000e+02
7.674000000000000000e+03 8.620000000000000000e+02
7.836000000000000000e+03 9.700000000000000000e+02
7.926000000000000000e+03 2.700000000000000000e+01
7.948000000000000000e+03 4.960000000000000000e+02
8.107000000000000000e+03 3.100000000000000000e+01
8.111000000000000000e+03 1.100000000000000000e+01
8.128000000000000000e+03 5.200000000000000000e+02
8.139000000000000000e+03 3.500000000000000000e+01
8.140000000000000000e+03 1.900000000000000000e+02
8.158000000000000000e+03 1.930000000000000000e+02
8.201000000000000000e+03 3.400000000000000000e+01
8.331000000000000000e+03 4.100000000000000000e+01
8.444000000000000000e+03 2.010000000000000000e+02
8.460000000000000000e+03 2.020000000000000000e+02
8.529000000000000000e+03 5.500000000000000000e+01
8.622000000000000000e+03 2.090000000000000000e+02
8.632000000000000000e+03 5.700000000000000000e+01
8.646000000000000000e+03 2.660000000000000000e+02
8.664000000000000000e+03 5.800000000000000000e+01
8.673000000000000000e+03 6.600000000000000000e+01
8.680000000000000000e+03 4.000000000000000000e+01
8.987000000000000000e+03 3.900000000000000000e+01
8.997000000000000000e+03 6.130000000000000000e+02
8.998000000000000000e+03 3.800000000000000000e+01
9.078000000000000000e+03 4.200000000000000000e+01
9.089000000000000000e+03 5.770000000000000000e+02
9.091000000000000000e+03 4.600000000000000000e+01
9.102000000000000000e+03 2.290000000000000000e+02
9.110000000000000000e+03 8.500000000000000000e+01
9.121000000000000000e+03 4.800000000000000000e+01
9.186000000000000000e+03 2.350000000000000000e+02
9.207000000000000000e+03 8.600000000000000000e+01
9.256000000000000000e+03 2.420000000000000000e+02
9.258000000000000000e+03 8.620000000000000000e+02
9.270000000000000000e+03 5.600000000000000000e+01
9.413000000000000000e+03 9.020000000000000000e+02
9.440000000000000000e+03 7.400000000000000000e+01
9.462000000000000000e+03 4.850000000000000000e+02
9.515000000000000000e+03 2.710000000000000000e+02
9.529000000000000000e+03 3.420000000000000000e+02
9.643000000000000000e+03 8.300000000000000000e+01
9.720000000000000000e+03 2.910000000000000000e+02
9.723000000000000000e+03 9.000000000000000000e+01
9.763000000000000000e+03 1.071000000000000000e+03
9.776000000000000000e+03 9.100000000000000000e+01
9.778000000000000000e+03 2.960000000000000000e+02
9.780000000000000000e+03 9.600000000000000000e+01
9.785000000000000000e+03 5.810000000000000000e+02
9.848000000000000000e+03 1.080000000000000000e+02
9.857000000000000000e+03 3.050000000000000000e+02
9.865000000000000000e+03 5.770000000000000000e+02
9.868000000000000000e+03 2.210000000000000000e+02
9.949000000000000000e+03 8.200000000000000000e+02
9.975000000000000000e+03 1.386000000000000000e+03
9.989000000000000000e+03 1.060000000000000000e+02
1.000300000000000000e+04 3.190000000000000000e+02
1.001600000000000000e+04 1.100000000000000000e+02
1.004200000000000000e+04 1.207000000000000000e+03
1.004400000000000000e+04 1.207000000000000000e+03
1.005700000000000000e+04 3.280000000000000000e+02
1.015300000000000000e+04 1.207000000000000000e+03
1.019300000000000000e+04 1.190000000000000000e+02
1.019400000000000000e+04 1.200000000000000000e+02
1.025800000000000000e+04 1.207000000000000000e+03
1.027000000000000000e+04 1.220000000000000000e+02
1.030600000000000000e+04 6.770000000000000000e+02
1.035900000000000000e+04 9.600000000000000000e+01
1.037100000000000000e+04 1.360000000000000000e+02
1.037800000000000000e+04 1.240000000000000000e+02
1.043600000000000000e+04 6.750000000000000000e+02
1.045600000000000000e+04 1.430000000000000000e+02
1.045700000000000000e+04 1.440000000000000000e+02
1.047100000000000000e+04 1.207000000000000000e+03
1.049000000000000000e+04 3.360000000000000000e+02
1.050300000000000000e+04 5.770000000000000000e+02
1.056400000000000000e+04 1.207000000000000000e+03
1.064500000000000000e+04 1.207000000000000000e+03
1.069400000000000000e+04 4.870000000000000000e+02
1.072800000000000000e+04 1.470000000000000000e+02
1.073700000000000000e+04 1.208000000000000000e+03
1.077700000000000000e+04 1.580000000000000000e+02
1.078900000000000000e+04 1.490000000000000000e+02
1.089600000000000000e+04 4.300000000000000000e+02
1.089800000000000000e+04 1.550000000000000000e+02
1.098700000000000000e+04 1.570000000000000000e+02
1.106200000000000000e+04 1.207000000000000000e+03
1.106400000000000000e+04 9.580000000000000000e+02
1.115800000000000000e+04 1.670000000000000000e+02
1.118200000000000000e+04 6.970000000000000000e+02
1.121100000000000000e+04 5.770000000000000000e+02
1.122500000000000000e+04 5.770000000000000000e+02
1.126300000000000000e+04 5.770000000000000000e+02
1.128200000000000000e+04 1.620000000000000000e+02
1.128700000000000000e+04 1.620000000000000000e+02
1.129800000000000000e+04 1.620000000000000000e+02
1.135500000000000000e+04 1.770000000000000000e+02
1.137700000000000000e+04 6.990000000000000000e+02
1.140300000000000000e+04 6.130000000000000000e+02
1.146800000000000000e+04 6.130000000000000000e+02
1.150100000000000000e+04 1.910000000000000000e+02
1.150600000000000000e+04 5.210000000000000000e+02
1.150700000000000000e+04 1.840000000000000000e+02
1.150900000000000000e+04 5.210000000000000000e+02
1.158100000000000000e+04 5.810000000000000000e+02
1.161400000000000000e+04 4.020000000000000000e+02
1.168600000000000000e+04 1.880000000000000000e+02
1.170700000000000000e+04 4.020000000000000000e+02
1.177900000000000000e+04 4.020000000000000000e+02
1.178700000000000000e+04 1.830000000000000000e+02
1.179300000000000000e+04 0.000000000000000000e+00
1.187200000000000000e+04 1.200000000000000000e+01
1.193400000000000000e+04 4.040000000000000000e+02
1.205900000000000000e+04 4.620000000000000000e+02
1.211900000000000000e+04 6.660000000000000000e+02
1.212200000000000000e+04 4.160000000000000000e+02
1.216200000000000000e+04 2.340000000000000000e+02
1.218100000000000000e+04 2.580000000000000000e+02
1.223800000000000000e+04 2.170000000000000000e+02
1.228100000000000000e+04 2.130000000000000000e+02
1.229500000000000000e+04 2.260000000000000000e+02
1.229600000000000000e+04 2.180000000000000000e+02
1.238500000000000000e+04 2.760000000000000000e+02
1.239400000000000000e+04 2.490000000000000000e+02
1.239500000000000000e+04 2.480000000000000000e+02
1.239600000000000000e+04 2.270000000000000000e+02
1.240100000000000000e+04 2.470000000000000000e+02
1.250100000000000000e+04 2.890000000000000000e+02
1.251700000000000000e+04 2.720000000000000000e+02
1.261600000000000000e+04 2.660000000000000000e+02
1.266100000000000000e+04 1.150000000000000000e+02
1.266700000000000000e+04 2.790000000000000000e+02
1.266800000000000000e+04 2.800000000000000000e+02
1.271000000000000000e+04 3.130000000000000000e+02
1.278800000000000000e+04 2.940000000000000000e+02
1.283800000000000000e+04 3.000000000000000000e+02
1.286400000000000000e+04 3.120000000000000000e+02
1.286800000000000000e+04 3.030000000000000000e+02
1.287000000000000000e+04 9.600000000000000000e+01
1.288900000000000000e+04 6.660000000000000000e+02
1.290000000000000000e+04 3.290000000000000000e+02
1.292600000000000000e+04 3.100000000000000000e+02
1.296200000000000000e+04 3.160000000000000000e+02
1.298200000000000000e+04 3.270000000000000000e+02
1.298600000000000000e+04 3.230000000000000000e+02
1.300000000000000000e+04 6.990000000000000000e+02
1.306900000000000000e+04 3.330000000000000000e+02
1.310700000000000000e+04 3.260000000000000000e+02
1.311600000000000000e+04 5.400000000000000000e+02
1.313500000000000000e+04 1.299000000000000000e+03
1.324600000000000000e+04 3.500000000000000000e+02
1.324900000000000000e+04 3.500000000000000000e+02
1.327600000000000000e+04 3.440000000000000000e+02
1.329500000000000000e+04 1.343000000000000000e+03
1.330700000000000000e+04 3.450000000000000000e+02
1.332700000000000000e+04 4.880000000000000000e+02
1.335500000000000000e+04 1.300000000000000000e+01
1.335800000000000000e+04 3.540000000000000000e+02
1.336000000000000000e+04 1.300000000000000000e+01
1.343800000000000000e+04 3.590000000000000000e+02
1.345300000000000000e+04 3.620000000000000000e+02
1.346200000000000000e+04 3.640000000000000000e+02
1.347400000000000000e+04 3.490000000000000000e+02
1.348400000000000000e+04 3.630000000000000000e+02
1.350500000000000000e+04 3.680000000000000000e+02
1.352400000000000000e+04 3.660000000000000000e+02
1.352600000000000000e+04 3.460000000000000000e+02
1.357800000000000000e+04 3.710000000000000000e+02
1.357900000000000000e+04 3.490000000000000000e+02
1.358200000000000000e+04 3.710000000000000000e+02
1.358300000000000000e+04 6.280000000000000000e+02
1.362300000000000000e+04 3.760000000000000000e+02
1.363700000000000000e+04 3.460000000000000000e+02
1.365300000000000000e+04 4.310000000000000000e+02
1.365800000000000000e+04 3.850000000000000000e+02
1.366300000000000000e+04 3.790000000000000000e+02
1.366400000000000000e+04 3.800000000000000000e+02
1.367500000000000000e+04 3.820000000000000000e+02
1.369000000000000000e+04 3.490000000000000000e+02
1.377400000000000000e+04 3.990000000000000000e+02
1.379700000000000000e+04 3.860000000000000000e+02
1.385800000000000000e+04 3.700000000000000000e+02
1.389200000000000000e+04 1.257000000000000000e+03
1.393400000000000000e+04 3.250000000000000000e+02
1.396800000000000000e+04 3.900000000000000000e+02
1.398600000000000000e+04 3.910000000000000000e+02
1.404000000000000000e+04 3.940000000000000000e+02
1.405100000000000000e+04 4.310000000000000000e+02
1.407000000000000000e+04 3.960000000000000000e+02
1.407900000000000000e+04 7.410000000000000000e+02
1.408400000000000000e+04 8.360000000000000000e+02
1.408700000000000000e+04 3.980000000000000000e+02
1.409100000000000000e+04 1.115000000000000000e+03
1.409300000000000000e+04 6.990000000000000000e+02
1.411700000000000000e+04 3.990000000000000000e+02
1.412200000000000000e+04 7.360000000000000000e+02
1.412300000000000000e+04 6.990000000000000000e+02
1.413600000000000000e+04 3.990000000000000000e+02
1.417700000000000000e+04 1.311000000000000000e+03
1.418300000000000000e+04 4.060000000000000000e+02
1.423100000000000000e+04 8.360000000000000000e+02
1.427900000000000000e+04 1.166000000000000000e+03
1.431800000000000000e+04 1.207000000000000000e+03
1.433500000000000000e+04 5.200000000000000000e+02
1.434500000000000000e+04 5.380000000000000000e+02
1.434600000000000000e+04 1.207000000000000000e+03
1.434900000000000000e+04 1.207000000000000000e+03
1.436000000000000000e+04 1.036000000000000000e+03
1.438400000000000000e+04 4.090000000000000000e+02
1.438600000000000000e+04 1.207000000000000000e+03
1.440400000000000000e+04 4.760000000000000000e+02
1.440600000000000000e+04 4.150000000000000000e+02
1.441800000000000000e+04 4.130000000000000000e+02
1.444000000000000000e+04 1.440000000000000000e+02
1.444100000000000000e+04 1.430000000000000000e+02
1.444300000000000000e+04 4.140000000000000000e+02
1.444400000000000000e+04 4.120000000000000000e+02
1.446200000000000000e+04 5.380000000000000000e+02
1.446300000000000000e+04 1.207000000000000000e+03
1.447200000000000000e+04 1.207000000000000000e+03
1.451700000000000000e+04 9.500000000000000000e+01
1.451900000000000000e+04 1.207000000000000000e+03
1.453000000000000000e+04 1.207000000000000000e+03
1.453800000000000000e+04 1.207000000000000000e+03
1.455600000000000000e+04 1.207000000000000000e+03
1.456300000000000000e+04 1.207000000000000000e+03
1.459000000000000000e+04 4.200000000000000000e+02
1.466700000000000000e+04 6.270000000000000000e+02
1.467900000000000000e+04 4.220000000000000000e+02
1.468300000000000000e+04 5.650000000000000000e+02
1.469700000000000000e+04 4.230000000000000000e+02
1.471000000000000000e+04 1.340000000000000000e+03
1.471300000000000000e+04 4.690000000000000000e+02
1.471900000000000000e+04 6.100000000000000000e+02
1.474500000000000000e+04 8.360000000000000000e+02
1.475200000000000000e+04 4.020000000000000000e+02
1.475700000000000000e+04 7.090000000000000000e+02
1.477500000000000000e+04 4.210000000000000000e+02
1.480900000000000000e+04 4.020000000000000000e+02
1.482100000000000000e+04 4.310000000000000000e+02
1.482300000000000000e+04 7.560000000000000000e+02
1.482800000000000000e+04 7.440000000000000000e+02
1.484600000000000000e+04 4.020000000000000000e+02
1.485600000000000000e+04 3.250000000000000000e+02
1.489600000000000000e+04 4.690000000000000000e+02
1.492700000000000000e+04 4.020000000000000000e+02
1.494300000000000000e+04 4.020000000000000000e+02
1.494400000000000000e+04 4.020000000000000000e+02
1.494600000000000000e+04 4.020000000000000000e+02
1.496400000000000000e+04 4.020000000000000000e+02
1.499700000000000000e+04 4.020000000000000000e+02
1.501000000000000000e+04 4.020000000000000000e+02
1.501200000000000000e+04 1.207000000000000000e+03
1.502400000000000000e+04 4.430000000000000000e+02
1.504100000000000000e+04 4.710000000000000000e+02
1.510000000000000000e+04 4.020000000000000000e+02
1.510600000000000000e+04 4.390000000000000000e+02
1.514700000000000000e+04 6.700000000000000000e+02
1.515700000000000000e+04 4.400000000000000000e+02
1.517700000000000000e+04 4.470000000000000000e+02
1.521800000000000000e+04 6.660000000000000000e+02
1.521900000000000000e+04 4.390000000000000000e+02
1.523500000000000000e+04 1.207000000000000000e+03
1.523600000000000000e+04 6.130000000000000000e+02
1.524400000000000000e+04 6.830000000000000000e+02
1.525300000000000000e+04 4.540000000000000000e+02
1.527800000000000000e+04 6.650000000000000000e+02
1.529700000000000000e+04 5.560000000000000000e+02
1.530500000000000000e+04 4.940000000000000000e+02
1.534500000000000000e+04 4.610000000000000000e+02
1.534900000000000000e+04 6.050000000000000000e+02
1.537300000000000000e+04 4.690000000000000000e+02
1.537400000000000000e+04 4.380000000000000000e+02
1.537700000000000000e+04 4.590000000000000000e+02
1.537800000000000000e+04 4.600000000000000000e+02
1.542000000000000000e+04 1.300000000000000000e+03
1.544400000000000000e+04 5.170000000000000000e+02
1.547800000000000000e+04 1.630000000000000000e+02
1.550900000000000000e+04 7.860000000000000000e+02
1.553500000000000000e+04 5.860000000000000000e+02
1.553800000000000000e+04 5.860000000000000000e+02
1.555500000000000000e+04 1.215000000000000000e+03
1.557600000000000000e+04 7.000000000000000000e+02
1.560300000000000000e+04 4.690000000000000000e+02
1.561000000000000000e+04 6.060000000000000000e+02
1.563900000000000000e+04 5.690000000000000000e+02
1.564100000000000000e+04 6.260000000000000000e+02
1.565700000000000000e+04 4.020000000000000000e+02
1.577500000000000000e+04 4.020000000000000000e+02
1.582600000000000000e+04 4.780000000000000000e+02
1.584100000000000000e+04 6.270000000000000000e+02
1.586500000000000000e+04 5.380000000000000000e+02
1.587000000000000000e+04 4.820000000000000000e+02
1.589400000000000000e+04 9.450000000000000000e+02
1.589700000000000000e+04 1.207000000000000000e+03
1.589900000000000000e+04 6.260000000000000000e+02
1.590000000000000000e+04 4.810000000000000000e+02
1.593900000000000000e+04 4.860000000000000000e+02
1.595900000000000000e+04 5.610000000000000000e+02
1.597400000000000000e+04 4.650000000000000000e+02
1.600100000000000000e+04 1.207000000000000000e+03
1.600500000000000000e+04 4.890000000000000000e+02
1.600600000000000000e+04 4.900000000000000000e+02
1.602100000000000000e+04 4.940000000000000000e+02
1.603000000000000000e+04 4.690000000000000000e+02
1.603100000000000000e+04 4.930000000000000000e+02
1.603300000000000000e+04 5.170000000000000000e+02
1.603500000000000000e+04 4.930000000000000000e+02
1.606800000000000000e+04 8.260000000000000000e+02
1.607200000000000000e+04 4.950000000000000000e+02
1.607600000000000000e+04 5.030000000000000000e+02
1.608800000000000000e+04 5.460000000000000000e+02
1.612400000000000000e+04 1.207000000000000000e+03
1.612900000000000000e+04 9.900000000000000000e+01
1.613400000000000000e+04 4.660000000000000000e+02
1.614100000000000000e+04 5.010000000000000000e+02
1.616500000000000000e+04 5.620000000000000000e+02
1.619600000000000000e+04 6.220000000000000000e+02
1.625200000000000000e+04 5.090000000000000000e+02
1.625700000000000000e+04 5.080000000000000000e+02
1.625800000000000000e+04 7.910000000000000000e+02
1.626200000000000000e+04 8.230000000000000000e+02
1.630400000000000000e+04 5.100000000000000000e+02
1.630800000000000000e+04 4.480000000000000000e+02
1.632000000000000000e+04 5.110000000000000000e+02
1.632500000000000000e+04 1.207000000000000000e+03
1.633000000000000000e+04 6.260000000000000000e+02
1.636400000000000000e+04 7.590000000000000000e+02
1.638100000000000000e+04 5.130000000000000000e+02
1.639500000000000000e+04 5.170000000000000000e+02
1.640900000000000000e+04 1.207000000000000000e+03
1.641700000000000000e+04 5.160000000000000000e+02
1.642100000000000000e+04 8.280000000000000000e+02
1.644700000000000000e+04 8.300000000000000000e+02
1.647700000000000000e+04 9.900000000000000000e+01
1.647900000000000000e+04 4.020000000000000000e+02
1.650200000000000000e+04 5.230000000000000000e+02
1.650300000000000000e+04 5.400000000000000000e+02
1.650700000000000000e+04 7.000000000000000000e+02
1.651200000000000000e+04 5.240000000000000000e+02
1.654000000000000000e+04 5.280000000000000000e+02
1.654100000000000000e+04 6.030000000000000000e+02
1.656600000000000000e+04 7.490000000000000000e+02
1.658200000000000000e+04 1.650000000000000000e+02
1.659500000000000000e+04 1.207000000000000000e+03
1.661500000000000000e+04 1.013000000000000000e+03
1.661600000000000000e+04 4.760000000000000000e+02
1.662900000000000000e+04 5.310000000000000000e+02
1.663000000000000000e+04 5.330000000000000000e+02
1.663200000000000000e+04 7.800000000000000000e+02
1.665400000000000000e+04 8.420000000000000000e+02
1.665500000000000000e+04 5.350000000000000000e+02
1.666600000000000000e+04 4.020000000000000000e+02
1.667200000000000000e+04 8.200000000000000000e+02
1.670000000000000000e+04 5.370000000000000000e+02
1.670700000000000000e+04 5.170000000000000000e+02
1.671000000000000000e+04 6.390000000000000000e+02
1.674600000000000000e+04 6.420000000000000000e+02
1.675700000000000000e+04 6.030000000000000000e+02
1.676100000000000000e+04 1.207000000000000000e+03
1.676300000000000000e+04 5.450000000000000000e+02
1.678200000000000000e+04 4.690000000000000000e+02
1.680900000000000000e+04 6.530000000000000000e+02
1.682000000000000000e+04 5.430000000000000000e+02
1.682100000000000000e+04 5.440000000000000000e+02
1.685200000000000000e+04 5.620000000000000000e+02
1.686600000000000000e+04 8.360000000000000000e+02
1.686800000000000000e+04 8.630000000000000000e+02
1.688400000000000000e+04 5.200000000000000000e+02
1.691400000000000000e+04 4.710000000000000000e+02
1.691700000000000000e+04 8.730000000000000000e+02
1.694200000000000000e+04 1.207000000000000000e+03
1.694500000000000000e+04 5.580000000000000000e+02
1.694800000000000000e+04 4.020000000000000000e+02
1.696400000000000000e+04 5.660000000000000000e+02
1.696900000000000000e+04 6.480000000000000000e+02
1.700000000000000000e+04 8.360000000000000000e+02
1.701100000000000000e+04 6.060000000000000000e+02
1.703400000000000000e+04 8.940000000000000000e+02
1.709700000000000000e+04 3.980000000000000000e+02
1.709900000000000000e+04 7.590000000000000000e+02
1.712100000000000000e+04 7.860000000000000000e+02
1.715300000000000000e+04 6.760000000000000000e+02
1.716700000000000000e+04 5.700000000000000000e+02
1.716800000000000000e+04 1.277000000000000000e+03
1.716900000000000000e+04 1.276000000000000000e+03
1.717800000000000000e+04 1.207000000000000000e+03
1.719200000000000000e+04 5.860000000000000000e+02
1.719500000000000000e+04 5.810000000000000000e+02
1.720600000000000000e+04 6.220000000000000000e+02
1.721300000000000000e+04 9.140000000000000000e+02
1.723200000000000000e+04 4.770000000000000000e+02
1.723800000000000000e+04 4.020000000000000000e+02
1.724300000000000000e+04 1.207000000000000000e+03
1.724800000000000000e+04 7.350000000000000000e+02
1.725100000000000000e+04 1.207000000000000000e+03
1.725500000000000000e+04 1.325000000000000000e+03
1.726300000000000000e+04 1.440000000000000000e+02
1.728400000000000000e+04 1.207000000000000000e+03
1.729600000000000000e+04 1.207000000000000000e+03
1.732800000000000000e+04 4.020000000000000000e+02
1.733200000000000000e+04 5.800000000000000000e+02
1.733300000000000000e+04 1.207000000000000000e+03
1.733800000000000000e+04 8.530000000000000000e+02
1.735100000000000000e+04 5.790000000000000000e+02
1.736100000000000000e+04 5.380000000000000000e+02
1.736200000000000000e+04 1.207000000000000000e+03
1.736400000000000000e+04 1.207000000000000000e+03
1.738400000000000000e+04 6.660000000000000000e+02
1.738900000000000000e+04 7.190000000000000000e+02
1.740300000000000000e+04 6.120000000000000000e+02
1.740600000000000000e+04 1.207000000000000000e+03
1.740700000000000000e+04 4.800000000000000000e+02
1.743200000000000000e+04 1.314000000000000000e+03
1.744100000000000000e+04 4.900000000000000000e+02
1.744200000000000000e+04 4.890000000000000000e+02
1.746100000000000000e+04 4.020000000000000000e+02
1.747400000000000000e+04 6.220000000000000000e+02
1.747500000000000000e+04 5.810000000000000000e+02
1.748800000000000000e+04 7.560000000000000000e+02
1.749800000000000000e+04 5.840000000000000000e+02
1.750100000000000000e+04 7.560000000000000000e+02
1.750500000000000000e+04 7.560000000000000000e+02
1.751500000000000000e+04 5.620000000000000000e+02
1.752700000000000000e+04 1.207000000000000000e+03
1.752800000000000000e+04 6.470000000000000000e+02
1.754100000000000000e+04 7.560000000000000000e+02
1.754800000000000000e+04 7.560000000000000000e+02
1.755600000000000000e+04 7.560000000000000000e+02
1.756200000000000000e+04 6.750000000000000000e+02
1.756400000000000000e+04 7.560000000000000000e+02
1.758000000000000000e+04 7.560000000000000000e+02
1.758900000000000000e+04 5.940000000000000000e+02
1.762000000000000000e+04 1.106000000000000000e+03
1.762400000000000000e+04 6.770000000000000000e+02
1.764600000000000000e+04 6.470000000000000000e+02
1.764700000000000000e+04 8.910000000000000000e+02
1.765400000000000000e+04 4.310000000000000000e+02
1.771400000000000000e+04 4.870000000000000000e+02
1.773200000000000000e+04 8.200000000000000000e+02
1.773500000000000000e+04 5.660000000000000000e+02
1.774700000000000000e+04 6.750000000000000000e+02
1.775200000000000000e+04 5.260000000000000000e+02
1.776800000000000000e+04 4.020000000000000000e+02
1.777800000000000000e+04 4.020000000000000000e+02
1.781800000000000000e+04 4.020000000000000000e+02
1.782600000000000000e+04 9.020000000000000000e+02
1.784500000000000000e+04 4.020000000000000000e+02
1.785500000000000000e+04 6.010000000000000000e+02
1.785800000000000000e+04 8.460000000000000000e+02
1.788000000000000000e+04 5.140000000000000000e+02
1.788300000000000000e+04 6.960000000000000000e+02
1.789900000000000000e+04 6.700000000000000000e+02
1.791400000000000000e+04 8.200000000000000000e+02
1.793200000000000000e+04 8.520000000000000000e+02
1.795100000000000000e+04 4.020000000000000000e+02
1.795300000000000000e+04 7.470000000000000000e+02
1.795400000000000000e+04 7.480000000000000000e+02
1.795900000000000000e+04 6.020000000000000000e+02
1.796000000000000000e+04 6.650000000000000000e+02
1.797700000000000000e+04 7.490000000000000000e+02
1.799600000000000000e+04 7.500000000000000000e+02
1.800900000000000000e+04 6.220000000000000000e+02
1.802700000000000000e+04 7.340000000000000000e+02
1.808900000000000000e+04 7.860000000000000000e+02
1.810200000000000000e+04 5.930000000000000000e+02
1.810300000000000000e+04 5.250000000000000000e+02
1.811700000000000000e+04 8.590000000000000000e+02
1.813800000000000000e+04 5.260000000000000000e+02
1.816500000000000000e+04 1.215000000000000000e+03
1.818000000000000000e+04 6.260000000000000000e+02
1.818800000000000000e+04 6.530000000000000000e+02
1.820500000000000000e+04 8.340000000000000000e+02
1.821200000000000000e+04 6.240000000000000000e+02
1.822000000000000000e+04 7.860000000000000000e+02
1.824200000000000000e+04 6.750000000000000000e+02
1.829500000000000000e+04 4.020000000000000000e+02
1.832900000000000000e+04 5.360000000000000000e+02
1.833400000000000000e+04 1.207000000000000000e+03
1.834700000000000000e+04 5.930000000000000000e+02
1.836100000000000000e+04 6.990000000000000000e+02
1.836700000000000000e+04 6.750000000000000000e+02
1.838800000000000000e+04 1.207000000000000000e+03
1.840300000000000000e+04 6.770000000000000000e+02
1.843100000000000000e+04 4.870000000000000000e+02
1.844400000000000000e+04 1.037000000000000000e+03
1.844600000000000000e+04 5.980000000000000000e+02
1.847300000000000000e+04 6.750000000000000000e+02
1.848300000000000000e+04 6.750000000000000000e+02
1.849600000000000000e+04 1.207000000000000000e+03
1.850700000000000000e+04 1.207000000000000000e+03
1.851200000000000000e+04 1.207000000000000000e+03
1.852200000000000000e+04 6.060000000000000000e+02
1.853800000000000000e+04 6.700000000000000000e+02
1.855100000000000000e+04 6.770000000000000000e+02
1.855900000000000000e+04 8.450000000000000000e+02
1.858600000000000000e+04 4.020000000000000000e+02
1.860000000000000000e+04 5.410000000000000000e+02
1.860200000000000000e+04 5.420000000000000000e+02
1.862900000000000000e+04 7.150000000000000000e+02
1.864000000000000000e+04 5.110000000000000000e+02
1.864600000000000000e+04 1.368000000000000000e+03
1.870200000000000000e+04 5.500000000000000000e+02
1.870600000000000000e+04 1.207000000000000000e+03
1.873600000000000000e+04 6.220000000000000000e+02
1.875400000000000000e+04 5.280000000000000000e+02
1.875500000000000000e+04 5.520000000000000000e+02
1.876400000000000000e+04 9.840000000000000000e+02
1.876800000000000000e+04 5.530000000000000000e+02
1.876900000000000000e+04 5.540000000000000000e+02
1.881300000000000000e+04 1.207000000000000000e+03
1.881400000000000000e+04 1.215000000000000000e+03
1.882000000000000000e+04 4.020000000000000000e+02
1.882300000000000000e+04 5.380000000000000000e+02
1.883800000000000000e+04 1.300000000000000000e+03
1.884900000000000000e+04 6.260000000000000000e+02
1.886300000000000000e+04 1.345000000000000000e+03
1.887700000000000000e+04 1.207000000000000000e+03
1.891700000000000000e+04 6.990000000000000000e+02
1.893400000000000000e+04 5.380000000000000000e+02
1.893800000000000000e+04 5.930000000000000000e+02
1.895700000000000000e+04 4.400000000000000000e+02
1.897800000000000000e+04 5.740000000000000000e+02
1.901300000000000000e+04 6.060000000000000000e+02
1.902000000000000000e+04 6.470000000000000000e+02
1.911200000000000000e+04 1.057000000000000000e+03
1.914700000000000000e+04 5.680000000000000000e+02
1.915400000000000000e+04 5.670000000000000000e+02
1.915500000000000000e+04 6.940000000000000000e+02
1.917000000000000000e+04 6.650000000000000000e+02
1.917200000000000000e+04 6.730000000000000000e+02
1.918400000000000000e+04 5.250000000000000000e+02
1.924400000000000000e+04 6.700000000000000000e+02
1.924800000000000000e+04 8.480000000000000000e+02
1.925300000000000000e+04 1.076000000000000000e+03
1.931100000000000000e+04 5.720000000000000000e+02
1.932000000000000000e+04 6.750000000000000000e+02
1.933300000000000000e+04 5.730000000000000000e+02
1.934000000000000000e+04 8.870000000000000000e+02
1.935900000000000000e+04 5.190000000000000000e+02
1.936000000000000000e+04 5.740000000000000000e+02
1.936100000000000000e+04 5.750000000000000000e+02
1.938500000000000000e+04 4.020000000000000000e+02
1.940300000000000000e+04 7.000000000000000000e+02
1.942500000000000000e+04 1.207000000000000000e+03
1.944600000000000000e+04 5.380000000000000000e+02
1.944700000000000000e+04 6.480000000000000000e+02
1.944800000000000000e+04 6.490000000000000000e+02
1.948200000000000000e+04 6.860000000000000000e+02
1.955000000000000000e+04 6.530000000000000000e+02
1.964200000000000000e+04 1.300000000000000000e+03
1.965700000000000000e+04 4.580000000000000000e+02
1.966400000000000000e+04 4.020000000000000000e+02
1.967800000000000000e+04 5.880000000000000000e+02
1.971100000000000000e+04 6.650000000000000000e+02
1.974500000000000000e+04 7.040000000000000000e+02
1.975800000000000000e+04 5.920000000000000000e+02
1.981500000000000000e+04 7.050000000000000000e+02
1.987200000000000000e+04 8.870000000000000000e+02
1.988200000000000000e+04 6.620000000000000000e+02
1.992500000000000000e+04 8.070000000000000000e+02
1.995400000000000000e+04 6.650000000000000000e+02
2.002000000000000000e+04 7.120000000000000000e+02
2.005000000000000000e+04 7.130000000000000000e+02
2.012800000000000000e+04 7.140000000000000000e+02
2.017800000000000000e+04 4.580000000000000000e+02
2.019800000000000000e+04 7.160000000000000000e+02
2.019900000000000000e+04 4.020000000000000000e+02
2.021000000000000000e+04 6.280000000000000000e+02
2.022100000000000000e+04 6.890000000000000000e+02
2.024600000000000000e+04 6.140000000000000000e+02
2.024700000000000000e+04 6.150000000000000000e+02
2.024900000000000000e+04 6.970000000000000000e+02
2.030800000000000000e+04 4.020000000000000000e+02
2.038000000000000000e+04 6.200000000000000000e+02
2.043800000000000000e+04 5.740000000000000000e+02
2.045700000000000000e+04 7.220000000000000000e+02
2.046100000000000000e+04 6.210000000000000000e+02
2.050300000000000000e+04 4.020000000000000000e+02
2.051300000000000000e+04 8.870000000000000000e+02
2.062800000000000000e+04 6.890000000000000000e+02
2.065900000000000000e+04 4.020000000000000000e+02
2.071200000000000000e+04 6.250000000000000000e+02
2.072900000000000000e+04 7.930000000000000000e+02
2.076000000000000000e+04 7.320000000000000000e+02
2.079000000000000000e+04 6.470000000000000000e+02
2.079200000000000000e+04 7.170000000000000000e+02
2.079700000000000000e+04 9.250000000000000000e+02
2.082200000000000000e+04 1.345000000000000000e+03
2.085800000000000000e+04 7.370000000000000000e+02
2.087100000000000000e+04 9.430000000000000000e+02
2.089800000000000000e+04 7.360000000000000000e+02
2.091200000000000000e+04 6.300000000000000000e+02
2.091900000000000000e+04 5.940000000000000000e+02
2.093200000000000000e+04 6.340000000000000000e+02
2.095100000000000000e+04 1.312000000000000000e+03
2.096800000000000000e+04 5.050000000000000000e+02
2.098900000000000000e+04 6.750000000000000000e+02
2.099100000000000000e+04 1.184000000000000000e+03
2.102100000000000000e+04 7.400000000000000000e+02
2.109300000000000000e+04 5.050000000000000000e+02
2.116200000000000000e+04 4.790000000000000000e+02
2.117100000000000000e+04 6.440000000000000000e+02
2.117900000000000000e+04 4.020000000000000000e+02
2.118300000000000000e+04 6.430000000000000000e+02
2.118600000000000000e+04 6.430000000000000000e+02
2.121500000000000000e+04 5.500000000000000000e+02
2.121800000000000000e+04 7.460000000000000000e+02
2.124500000000000000e+04 8.870000000000000000e+02
2.125300000000000000e+04 1.272000000000000000e+03
2.132100000000000000e+04 6.570000000000000000e+02
2.132700000000000000e+04 6.580000000000000000e+02
2.136500000000000000e+04 6.600000000000000000e+02
2.137700000000000000e+04 6.620000000000000000e+02
2.139300000000000000e+04 7.560000000000000000e+02
2.142000000000000000e+04 9.660000000000000000e+02
2.146200000000000000e+04 7.580000000000000000e+02
2.151100000000000000e+04 7.600000000000000000e+02
2.154100000000000000e+04 1.320000000000000000e+03
2.156100000000000000e+04 4.500000000000000000e+01
2.160100000000000000e+04 7.610000000000000000e+02
2.160200000000000000e+04 7.610000000000000000e+02
2.163500000000000000e+04 7.630000000000000000e+02
2.165600000000000000e+04 6.750000000000000000e+02
2.167200000000000000e+04 6.260000000000000000e+02
2.169600000000000000e+04 7.660000000000000000e+02
2.171900000000000000e+04 6.680000000000000000e+02
2.176200000000000000e+04 6.650000000000000000e+02
2.178200000000000000e+04 8.870000000000000000e+02
2.180400000000000000e+04 1.207000000000000000e+03
2.180500000000000000e+04 1.207000000000000000e+03
2.183300000000000000e+04 1.207000000000000000e+03
2.184500000000000000e+04 1.207000000000000000e+03
2.185400000000000000e+04 1.207000000000000000e+03
2.190200000000000000e+04 5.290000000000000000e+02
2.191800000000000000e+04 4.620000000000000000e+02
2.192300000000000000e+04 7.690000000000000000e+02
2.193000000000000000e+04 7.700000000000000000e+02
2.193100000000000000e+04 1.036000000000000000e+03
2.193200000000000000e+04 1.037000000000000000e+03
2.193900000000000000e+04 7.680000000000000000e+02
2.194200000000000000e+04 7.680000000000000000e+02
2.194300000000000000e+04 6.220000000000000000e+02
2.196300000000000000e+04 7.720000000000000000e+02
2.198200000000000000e+04 6.620000000000000000e+02
2.199400000000000000e+04 7.730000000000000000e+02
2.199600000000000000e+04 6.750000000000000000e+02
2.200000000000000000e+04 6.750000000000000000e+02
2.201400000000000000e+04 6.790000000000000000e+02
2.204000000000000000e+04 6.770000000000000000e+02
2.205300000000000000e+04 2.330000000000000000e+02
2.207500000000000000e+04 6.770000000000000000e+02
2.208900000000000000e+04 7.560000000000000000e+02
2.209100000000000000e+04 7.770000000000000000e+02
2.209900000000000000e+04 7.560000000000000000e+02
2.210000000000000000e+04 7.560000000000000000e+02
2.210500000000000000e+04 7.560000000000000000e+02
2.211200000000000000e+04 7.560000000000000000e+02
2.211300000000000000e+04 7.560000000000000000e+02
2.211800000000000000e+04 5.410000000000000000e+02
2.212000000000000000e+04 6.570000000000000000e+02
2.212100000000000000e+04 7.560000000000000000e+02
2.212300000000000000e+04 7.560000000000000000e+02
2.213400000000000000e+04 7.560000000000000000e+02
2.214100000000000000e+04 7.810000000000000000e+02
2.215600000000000000e+04 4.020000000000000000e+02
2.216600000000000000e+04 6.870000000000000000e+02
2.221200000000000000e+04 7.830000000000000000e+02
2.221300000000000000e+04 5.390000000000000000e+02
2.222700000000000000e+04 6.890000000000000000e+02
2.225300000000000000e+04 6.420000000000000000e+02
2.233000000000000000e+04 6.470000000000000000e+02
2.235300000000000000e+04 1.345000000000000000e+03
2.237900000000000000e+04 1.345000000000000000e+03
2.238700000000000000e+04 7.940000000000000000e+02
2.241700000000000000e+04 7.920000000000000000e+02
2.242900000000000000e+04 9.570000000000000000e+02
2.244100000000000000e+04 7.960000000000000000e+02
2.248500000000000000e+04 7.970000000000000000e+02
2.253900000000000000e+04 4.020000000000000000e+02
2.255200000000000000e+04 7.990000000000000000e+02
2.256100000000000000e+04 4.020000000000000000e+02
2.256200000000000000e+04 4.020000000000000000e+02
2.257200000000000000e+04 4.020000000000000000e+02
2.258600000000000000e+04 4.020000000000000000e+02
2.259600000000000000e+04 8.010000000000000000e+02
2.263300000000000000e+04 5.810000000000000000e+02
2.263500000000000000e+04 8.000000000000000000e+02
2.263700000000000000e+04 5.810000000000000000e+02
2.268100000000000000e+04 5.610000000000000000e+02
2.273200000000000000e+04 4.020000000000000000e+02
2.274000000000000000e+04 1.037000000000000000e+03
2.274600000000000000e+04 1.036000000000000000e+03
2.275600000000000000e+04 8.050000000000000000e+02
2.276400000000000000e+04 8.090000000000000000e+02
2.278900000000000000e+04 5.810000000000000000e+02
2.282000000000000000e+04 2.800000000000000000e+02
2.282700000000000000e+04 4.020000000000000000e+02
2.286100000000000000e+04 7.930000000000000000e+02
2.289000000000000000e+04 8.120000000000000000e+02
2.295100000000000000e+04 1.115000000000000000e+03
2.296600000000000000e+04 8.180000000000000000e+02
2.299000000000000000e+04 5.810000000000000000e+02
2.299800000000000000e+04 4.020000000000000000e+02
2.300200000000000000e+04 1.215000000000000000e+03
2.309600000000000000e+04 8.210000000000000000e+02
2.317200000000000000e+04 1.037000000000000000e+03
2.318000000000000000e+04 1.036000000000000000e+03
2.324200000000000000e+04 5.810000000000000000e+02
2.330600000000000000e+04 2.400000000000000000e+02
2.331300000000000000e+04 8.270000000000000000e+02
2.336900000000000000e+04 8.870000000000000000e+02
2.338900000000000000e+04 7.990000000000000000e+02
2.344500000000000000e+04 8.480000000000000000e+02
2.345300000000000000e+04 4.020000000000000000e+02
2.345500000000000000e+04 8.310000000000000000e+02
2.349300000000000000e+04 8.320000000000000000e+02
2.353600000000000000e+04 1.207000000000000000e+03
2.358400000000000000e+04 8.320000000000000000e+02
2.361500000000000000e+04 1.036000000000000000e+03
2.361600000000000000e+04 1.300000000000000000e+03
2.364100000000000000e+04 8.430000000000000000e+02
2.364900000000000000e+04 1.207000000000000000e+03
2.370300000000000000e+04 1.155000000000000000e+03
2.377800000000000000e+04 1.000000000000000000e+01
2.379700000000000000e+04 9.250000000000000000e+02
2.386200000000000000e+04 4.310000000000000000e+02
2.387200000000000000e+04 8.480000000000000000e+02
2.388600000000000000e+04 8.700000000000000000e+02
2.388700000000000000e+04 8.490000000000000000e+02
2.388800000000000000e+04 8.510000000000000000e+02
2.393900000000000000e+04 5.240000000000000000e+02
2.396000000000000000e+04 1.370000000000000000e+02
2.397300000000000000e+04 8.590000000000000000e+02
2.399900000000000000e+04 8.600000000000000000e+02
2.401400000000000000e+04 8.650000000000000000e+02
2.402600000000000000e+04 8.740000000000000000e+02
2.402700000000000000e+04 8.750000000000000000e+02
2.403900000000000000e+04 8.660000000000000000e+02
2.406700000000000000e+04 8.790000000000000000e+02
2.407200000000000000e+04 8.660000000000000000e+02
2.415000000000000000e+04 8.900000000000000000e+02
2.415800000000000000e+04 8.890000000000000000e+02
2.415900000000000000e+04 8.680000000000000000e+02
2.417300000000000000e+04 8.850000000000000000e+02
2.418000000000000000e+04 8.970000000000000000e+02
2.420000000000000000e+04 8.710000000000000000e+02
2.421700000000000000e+04 8.780000000000000000e+02
2.423900000000000000e+04 8.920000000000000000e+02
2.425500000000000000e+04 6.280000000000000000e+02
2.430300000000000000e+04 9.010000000000000000e+02
2.434200000000000000e+04 1.215000000000000000e+03
2.437200000000000000e+04 4.020000000000000000e+02
2.438100000000000000e+04 8.820000000000000000e+02
2.439900000000000000e+04 9.020000000000000000e+02
2.442200000000000000e+04 8.810000000000000000e+02
2.447200000000000000e+04 9.040000000000000000e+02
2.447500000000000000e+04 8.950000000000000000e+02
2.447600000000000000e+04 8.960000000000000000e+02
2.447700000000000000e+04 8.870000000000000000e+02
2.451000000000000000e+04 9.260000000000000000e+02
2.452800000000000000e+04 9.190000000000000000e+02
2.454400000000000000e+04 9.070000000000000000e+02
2.454600000000000000e+04 1.166000000000000000e+03
2.456200000000000000e+04 8.130000000000000000e+02
2.457500000000000000e+04 9.050000000000000000e+02
2.460400000000000000e+04 9.080000000000000000e+02
2.461500000000000000e+04 4.940000000000000000e+02
2.469500000000000000e+04 1.036000000000000000e+03
2.472800000000000000e+04 9.570000000000000000e+02
2.474100000000000000e+04 9.170000000000000000e+02
2.475400000000000000e+04 5.800000000000000000e+01
2.475600000000000000e+04 6.370000000000000000e+02
2.475700000000000000e+04 1.314000000000000000e+03
2.476400000000000000e+04 9.100000000000000000e+02
2.477300000000000000e+04 9.240000000000000000e+02
2.483300000000000000e+04 9.200000000000000000e+02
2.485900000000000000e+04 7.980000000000000000e+02
2.486100000000000000e+04 9.270000000000000000e+02
2.486500000000000000e+04 4.790000000000000000e+02
2.488800000000000000e+04 9.230000000000000000e+02
2.491500000000000000e+04 9.350000000000000000e+02
2.494200000000000000e+04 5.390000000000000000e+02
2.497500000000000000e+04 9.150000000000000000e+02
2.500200000000000000e+04 9.280000000000000000e+02
2.500300000000000000e+04 9.290000000000000000e+02
2.501700000000000000e+04 8.600000000000000000e+02
2.509500000000000000e+04 9.840000000000000000e+02
2.511600000000000000e+04 9.380000000000000000e+02
2.511900000000000000e+04 9.640000000000000000e+02
2.513300000000000000e+04 9.420000000000000000e+02
2.523600000000000000e+04 9.870000000000000000e+02
2.524600000000000000e+04 9.820000000000000000e+02
2.529100000000000000e+04 9.600000000000000000e+02
2.530600000000000000e+04 9.980000000000000000e+02
2.530800000000000000e+04 9.990000000000000000e+02
2.531500000000000000e+04 1.388000000000000000e+03
2.531900000000000000e+04 1.215000000000000000e+03
2.533500000000000000e+04 9.860000000000000000e+02
2.537400000000000000e+04 4.280000000000000000e+02
2.538500000000000000e+04 9.500000000000000000e+02
2.543100000000000000e+04 9.490000000000000000e+02
2.545200000000000000e+04 1.013000000000000000e+03
2.545600000000000000e+04 9.480000000000000000e+02
2.546100000000000000e+04 1.215000000000000000e+03
2.546600000000000000e+04 1.015000000000000000e+03
2.547500000000000000e+04 1.008000000000000000e+03
2.547900000000000000e+04 9.540000000000000000e+02
2.549400000000000000e+04 1.017000000000000000e+03
2.549800000000000000e+04 9.560000000000000000e+02
2.550800000000000000e+04 4.020000000000000000e+02
2.550900000000000000e+04 9.610000000000000000e+02
2.551100000000000000e+04 1.014000000000000000e+03
2.553500000000000000e+04 1.005000000000000000e+03
2.554100000000000000e+04 9.690000000000000000e+02
2.554500000000000000e+04 9.650000000000000000e+02
2.555500000000000000e+04 1.025000000000000000e+03
2.557100000000000000e+04 1.011000000000000000e+03
2.557200000000000000e+04 9.890000000000000000e+02
2.557600000000000000e+04 1.004000000000000000e+03
2.559800000000000000e+04 1.039000000000000000e+03
2.560700000000000000e+04 9.630000000000000000e+02
2.561700000000000000e+04 1.032000000000000000e+03
2.564900000000000000e+04 6.130000000000000000e+02
2.566200000000000000e+04 9.660000000000000000e+02
2.566700000000000000e+04 1.009000000000000000e+03
2.566900000000000000e+04 3.980000000000000000e+02
2.567500000000000000e+04 5.100000000000000000e+01
2.569100000000000000e+04 8.620000000000000000e+02
2.571100000000000000e+04 8.360000000000000000e+02
2.572200000000000000e+04 1.024000000000000000e+03
2.576100000000000000e+04 9.420000000000000000e+02
2.578400000000000000e+04 9.720000000000000000e+02
2.579500000000000000e+04 5.200000000000000000e+02
2.580000000000000000e+04 1.052000000000000000e+03
2.581200000000000000e+04 9.770000000000000000e+02
2.583700000000000000e+04 1.056000000000000000e+03
2.593200000000000000e+04 7.520000000000000000e+02
2.594200000000000000e+04 1.060000000000000000e+03
2.597600000000000000e+04 1.000000000000000000e+01
2.597900000000000000e+04 1.020000000000000000e+03
2.599800000000000000e+04 1.012000000000000000e+03
2.600400000000000000e+04 1.065000000000000000e+03
2.601100000000000000e+04 1.006000000000000000e+03
2.610800000000000000e+04 6.280000000000000000e+02
2.611000000000000000e+04 1.034000000000000000e+03
2.611100000000000000e+04 1.035000000000000000e+03
2.613500000000000000e+04 9.010000000000000000e+02
2.616400000000000000e+04 1.002000000000000000e+03
2.618400000000000000e+04 1.029000000000000000e+03
2.619000000000000000e+04 1.048000000000000000e+03
2.619300000000000000e+04 1.376000000000000000e+03
2.623000000000000000e+04 9.940000000000000000e+02
2.624000000000000000e+04 1.054000000000000000e+03
2.624900000000000000e+04 1.086000000000000000e+03
2.626100000000000000e+04 1.111000000000000000e+03
2.626600000000000000e+04 1.062000000000000000e+03
2.629400000000000000e+04 1.003000000000000000e+03
2.629800000000000000e+04 2.790000000000000000e+02
2.630200000000000000e+04 1.099000000000000000e+03
2.631800000000000000e+04 1.092000000000000000e+03
2.632500000000000000e+04 1.051000000000000000e+03
2.635500000000000000e+04 1.100000000000000000e+03
2.637200000000000000e+04 1.101000000000000000e+03
2.644600000000000000e+04 1.059000000000000000e+03
2.645900000000000000e+04 1.061000000000000000e+03
2.650800000000000000e+04 1.040000000000000000e+03
2.651300000000000000e+04 1.084000000000000000e+03
2.651900000000000000e+04 1.067000000000000000e+03
2.656000000000000000e+04 1.085000000000000000e+03
2.660900000000000000e+04 1.068000000000000000e+03
2.665300000000000000e+04 1.072000000000000000e+03
2.665500000000000000e+04 1.400000000000000000e+02
2.667900000000000000e+04 1.071000000000000000e+03
2.668000000000000000e+04 8.450000000000000000e+02
2.670000000000000000e+04 1.126000000000000000e+03
2.671000000000000000e+04 1.145000000000000000e+03
2.673800000000000000e+04 1.133000000000000000e+03
2.674200000000000000e+04 1.229000000000000000e+03
2.675600000000000000e+04 1.132000000000000000e+03
2.676900000000000000e+04 1.083000000000000000e+03
2.677200000000000000e+04 1.069000000000000000e+03
2.677900000000000000e+04 1.229000000000000000e+03
2.679000000000000000e+04 1.137000000000000000e+03
2.681700000000000000e+04 1.098000000000000000e+03
2.682200000000000000e+04 1.115000000000000000e+03
2.687800000000000000e+04 1.080000000000000000e+03
2.688500000000000000e+04 1.159000000000000000e+03
2.689400000000000000e+04 1.116000000000000000e+03
2.689600000000000000e+04 1.146000000000000000e+03
2.689800000000000000e+04 1.148000000000000000e+03
2.690900000000000000e+04 1.104000000000000000e+03
2.691800000000000000e+04 1.152000000000000000e+03
2.692100000000000000e+04 1.082000000000000000e+03
2.692500000000000000e+04 5.250000000000000000e+02
2.693300000000000000e+04 1.222000000000000000e+03
2.695200000000000000e+04 1.157000000000000000e+03
2.697700000000000000e+04 1.113000000000000000e+03
2.698000000000000000e+04 1.081000000000000000e+03
2.709100000000000000e+04 1.121000000000000000e+03
2.712100000000000000e+04 1.134000000000000000e+03
2.713700000000000000e+04 1.089000000000000000e+03
2.714800000000000000e+04 1.300000000000000000e+03
2.716500000000000000e+04 1.171000000000000000e+03
2.717000000000000000e+04 1.128000000000000000e+03
2.717700000000000000e+04 1.095000000000000000e+03
2.719200000000000000e+04 1.169000000000000000e+03
2.719700000000000000e+04 1.165000000000000000e+03
2.720000000000000000e+04 1.110000000000000000e+03
2.723500000000000000e+04 1.320000000000000000e+03
2.724600000000000000e+04 1.172000000000000000e+03
2.724800000000000000e+04 3.610000000000000000e+02
2.725700000000000000e+04 1.103000000000000000e+03
2.725800000000000000e+04 1.138000000000000000e+03
2.727900000000000000e+04 1.175000000000000000e+03
2.731900000000000000e+04 1.178000000000000000e+03
2.732500000000000000e+04 1.151000000000000000e+03
2.732800000000000000e+04 1.173000000000000000e+03
2.736000000000000000e+04 6.830000000000000000e+02
2.740000000000000000e+04 1.122000000000000000e+03
2.741700000000000000e+04 1.119000000000000000e+03
2.745500000000000000e+04 1.184000000000000000e+03
2.748600000000000000e+04 7.280000000000000000e+02
2.750400000000000000e+04 1.125000000000000000e+03
2.753300000000000000e+04 1.166000000000000000e+03
2.757200000000000000e+04 1.142000000000000000e+03
2.759100000000000000e+04 1.194000000000000000e+03
2.761100000000000000e+04 1.196000000000000000e+03
2.763700000000000000e+04 1.197000000000000000e+03
2.764100000000000000e+04 1.154000000000000000e+03
2.765100000000000000e+04 1.180000000000000000e+03
2.770400000000000000e+04 1.600000000000000000e+02
2.774300000000000000e+04 1.299000000000000000e+03
2.777800000000000000e+04 1.189000000000000000e+03
2.784400000000000000e+04 1.207000000000000000e+03
2.784800000000000000e+04 1.167000000000000000e+03
2.790000000000000000e+04 1.204000000000000000e+03
2.791700000000000000e+04 9.030000000000000000e+02
2.792900000000000000e+04 1.219000000000000000e+03
2.797200000000000000e+04 1.206000000000000000e+03
2.800900000000000000e+04 4.020000000000000000e+02
2.801300000000000000e+04 1.133000000000000000e+03
2.801500000000000000e+04 1.211000000000000000e+03
2.803300000000000000e+04 1.216000000000000000e+03
2.804700000000000000e+04 5.250000000000000000e+02
2.807500000000000000e+04 1.215000000000000000e+03
2.809600000000000000e+04 1.220000000000000000e+03
2.810000000000000000e+04 7.110000000000000000e+02
2.812000000000000000e+04 6.990000000000000000e+02
2.816300000000000000e+04 1.221000000000000000e+03
2.817300000000000000e+04 1.215000000000000000e+03
2.817800000000000000e+04 1.228000000000000000e+03
2.818400000000000000e+04 1.316000000000000000e+03
2.820100000000000000e+04 3.420000000000000000e+02
2.821500000000000000e+04 1.207000000000000000e+03
2.823400000000000000e+04 1.231000000000000000e+03
2.824500000000000000e+04 1.226000000000000000e+03
2.825600000000000000e+04 5.960000000000000000e+02
2.826800000000000000e+04 1.229000000000000000e+03
2.830700000000000000e+04 1.200000000000000000e+03
2.831000000000000000e+04 1.207000000000000000e+03
2.831800000000000000e+04 1.200000000000000000e+01
2.834000000000000000e+04 1.237000000000000000e+03
2.835900000000000000e+04 1.215000000000000000e+03
2.837000000000000000e+04 8.200000000000000000e+02
2.838100000000000000e+04 5.770000000000000000e+02
2.839100000000000000e+04 5.390000000000000000e+02
2.839600000000000000e+04 1.242000000000000000e+03
2.839800000000000000e+04 1.245000000000000000e+03
2.840900000000000000e+04 1.210000000000000000e+03
2.844100000000000000e+04 4.200000000000000000e+02
2.844500000000000000e+04 1.207000000000000000e+03
2.844800000000000000e+04 1.207000000000000000e+03
2.845400000000000000e+04 1.253000000000000000e+03
2.848400000000000000e+04 1.316000000000000000e+03
2.850900000000000000e+04 1.258000000000000000e+03
2.852900000000000000e+04 1.257000000000000000e+03
2.854200000000000000e+04 1.210000000000000000e+03
2.855700000000000000e+04 1.214000000000000000e+03
2.856900000000000000e+04 2.470000000000000000e+02
2.859700000000000000e+04 1.232000000000000000e+03
2.859800000000000000e+04 4.020000000000000000e+02
2.860900000000000000e+04 4.020000000000000000e+02
2.861100000000000000e+04 1.215000000000000000e+03
2.861500000000000000e+04 4.020000000000000000e+02
2.864100000000000000e+04 1.263000000000000000e+03
2.866400000000000000e+04 1.232000000000000000e+03
2.866700000000000000e+04 1.198000000000000000e+03
2.873100000000000000e+04 1.207000000000000000e+03
2.873400000000000000e+04 1.268000000000000000e+03
2.879000000000000000e+04 1.207000000000000000e+03
2.881600000000000000e+04 1.243000000000000000e+03
2.888400000000000000e+04 1.106000000000000000e+03
2.891600000000000000e+04 1.282000000000000000e+03
2.892700000000000000e+04 1.251000000000000000e+03
2.893600000000000000e+04 1.316000000000000000e+03
2.896500000000000000e+04 7.490000000000000000e+02
2.898800000000000000e+04 1.273000000000000000e+03
2.899600000000000000e+04 1.256000000000000000e+03
2.899700000000000000e+04 1.283000000000000000e+03
2.900600000000000000e+04 1.275000000000000000e+03
2.901900000000000000e+04 1.261000000000000000e+03
2.902000000000000000e+04 1.262000000000000000e+03
2.902900000000000000e+04 1.286000000000000000e+03
2.903800000000000000e+04 1.300000000000000000e+03
2.905400000000000000e+04 4.790000000000000000e+02
2.905700000000000000e+04 1.290000000000000000e+03
2.913600000000000000e+04 1.207000000000000000e+03
2.914900000000000000e+04 1.272000000000000000e+03
2.915400000000000000e+04 1.339000000000000000e+03
2.919800000000000000e+04 2.230000000000000000e+02
2.924000000000000000e+04 6.990000000000000000e+02
2.927100000000000000e+04 4.020000000000000000e+02
2.929100000000000000e+04 1.274000000000000000e+03
2.929300000000000000e+04 1.300000000000000000e+03
2.930100000000000000e+04 6.750000000000000000e+02
2.930900000000000000e+04 1.282000000000000000e+03
2.933800000000000000e+04 1.300000000000000000e+03
2.933900000000000000e+04 1.305000000000000000e+03
2.939600000000000000e+04 1.322000000000000000e+03
2.941400000000000000e+04 1.300000000000000000e+03
2.944100000000000000e+04 5.260000000000000000e+02
2.945600000000000000e+04 1.320000000000000000e+03
2.950300000000000000e+04 1.284000000000000000e+03
2.952700000000000000e+04 1.336000000000000000e+03
2.955300000000000000e+04 1.296000000000000000e+03
2.959500000000000000e+04 1.316000000000000000e+03
2.959900000000000000e+04 1.324000000000000000e+03
2.960200000000000000e+04 1.300000000000000000e+03
2.964300000000000000e+04 1.299000000000000000e+03
2.965200000000000000e+04 1.215000000000000000e+03
2.965700000000000000e+04 1.305000000000000000e+03
2.966400000000000000e+04 1.272000000000000000e+03
2.966900000000000000e+04 9.690000000000000000e+02
2.967300000000000000e+04 1.272000000000000000e+03
2.967400000000000000e+04 1.323000000000000000e+03
2.969700000000000000e+04 1.330000000000000000e+03
2.971100000000000000e+04 1.328000000000000000e+03
2.972600000000000000e+04 1.338000000000000000e+03
2.973800000000000000e+04 4.020000000000000000e+02
2.974400000000000000e+04 4.020000000000000000e+02
2.975300000000000000e+04 1.116000000000000000e+03
2.983900000000000000e+04 1.352000000000000000e+03
2.984400000000000000e+04 1.335000000000000000e+03
2.985700000000000000e+04 1.298000000000000000e+03
2.989600000000000000e+04 1.347000000000000000e+03
2.994700000000000000e+04 1.319000000000000000e+03
2.996200000000000000e+04 1.312000000000000000e+03
2.997900000000000000e+04 8.590000000000000000e+02
2.999300000000000000e+04 1.308000000000000000e+03
3.001400000000000000e+04 6.280000000000000000e+02
3.002000000000000000e+04 1.307000000000000000e+03
3.003200000000000000e+04 1.355000000000000000e+03
3.003600000000000000e+04 1.215000000000000000e+03
3.006700000000000000e+04 9.620000000000000000e+02
3.009900000000000000e+04 1.363000000000000000e+03
3.012300000000000000e+04 1.337000000000000000e+03
3.013300000000000000e+04 1.332000000000000000e+03
3.013900000000000000e+04 1.341000000000000000e+03
3.017600000000000000e+04 1.365000000000000000e+03
3.020000000000000000e+04 3.530000000000000000e+02
3.023200000000000000e+04 1.247000000000000000e+03
3.023700000000000000e+04 1.361000000000000000e+03
3.027500000000000000e+04 1.343000000000000000e+03
3.028200000000000000e+04 1.356000000000000000e+03
3.031000000000000000e+04 1.321000000000000000e+03
3.034400000000000000e+04 1.353000000000000000e+03
3.034600000000000000e+04 1.326000000000000000e+03
3.034900000000000000e+04 1.344000000000000000e+03
3.038600000000000000e+04 1.360000000000000000e+03
3.041700000000000000e+04 1.371000000000000000e+03
3.042400000000000000e+04 1.342000000000000000e+03
3.044300000000000000e+04 1.331000000000000000e+03
3.049800000000000000e+04 1.362000000000000000e+03
3.053700000000000000e+04 1.339000000000000000e+03
3.054000000000000000e+04 1.358000000000000000e+03
3.069600000000000000e+04 1.379000000000000000e+03
3.072500000000000000e+04 1.370000000000000000e+03
3.082900000000000000e+04 1.386000000000000000e+03
3.088500000000000000e+04 1.375000000000000000e+03
3.090800000000000000e+04 1.376000000000000000e+03
3.091900000000000000e+04 1.247000000000000000e+03
3.098100000000000000e+04 1.215000000000000000e+03
3.111100000000000000e+04 1.377000000000000000e+03
3.116500000000000000e+04 6.990000000000000000e+02
3.118500000000000000e+04 1.382000000000000000e+03
3.134000000000000000e+04 5.110000000000000000e+02
3.135000000000000000e+04 9.690000000000000000e+02
3.135700000000000000e+04 3.660000000000000000e+02
3.150100000000000000e+04 1.318000000000000000e+03
3.175300000000000000e+04 6.890000000000000000e+02
3.175800000000000000e+04 4.020000000000000000e+02
3.189400000000000000e+04 1.300000000000000000e+03
3.190200000000000000e+04 4.610000000000000000e+02
3.192000000000000000e+04 8.870000000000000000e+02
3.194500000000000000e+04 1.300000000000000000e+03
3.210400000000000000e+04 4.020000000000000000e+02
3.223100000000000000e+04 7.470000000000000000e+02
3.235700000000000000e+04 5.400000000000000000e+02
3.250800000000000000e+04 1.050000000000000000e+03
3.253600000000000000e+04 5.910000000000000000e+02
3.283400000000000000e+04 8.820000000000000000e+02
3.284300000000000000e+04 4.500000000000000000e+02
3.286000000000000000e+04 1.345000000000000000e+03
3.294100000000000000e+04 1.215000000000000000e+03
3.303800000000000000e+04 4.020000000000000000e+02
3.314900000000000000e+04 1.215000000000000000e+03
3.316500000000000000e+04 1.329000000000000000e+03
3.335000000000000000e+04 3.490000000000000000e+02
3.338800000000000000e+04 8.480000000000000000e+02
3.338900000000000000e+04 5.650000000000000000e+02
3.346000000000000000e+04 7.830000000000000000e+02
3.352900000000000000e+04 4.020000000000000000e+02
3.371900000000000000e+04 9.690000000000000000e+02
3.373000000000000000e+04 1.208000000000000000e+03
3.385600000000000000e+04 1.286000000000000000e+03
3.387500000000000000e+04 1.300000000000000000e+03
3.398400000000000000e+04 1.299000000000000000e+03
3.401900000000000000e+04 7.150000000000000000e+02
