8.850000000000000000e+02 4.345000000000000000e+03
1.069000000000000000e+03 6.821000000000000000e+03
1.414000000000000000e+03 1.927000000000000000e+03
1.430000000000000000e+03 4.641000000000000000e+03
1.938000000000000000e+03 4.130000000000000000e+02
2.222000000000000000e+03 2.686000000000000000e+03
2.458000000000000000e+03 5.700000000000000000e+01
2.631000000000000000e+03 7.880000000000000000e+02
2.952000000000000000e+03 2.524000000000000000e+03
3.044000000000000000e+03 1.670000000000000000e+02
3.203000000000000000e+03 5.967000000000000000e+03
3.434000000000000000e+03 5.700000000000000000e+01
3.444000000000000000e+03 2.644000000000000000e+03
3.625000000000000000e+03 2.080000000000000000e+03
3.650000000000000000e+03 2.524000000000000000e+03
3.668000000000000000e+03 2.524000000000000000e+03
3.860000000000000000e+03 2.524000000000000000e+03
4.033000000000000000e+03 2.524000000000000000e+03
4.044000000000000000e+03 1.670000000000000000e+02
4.070000000000000000e+03 5.700000000000000000e+01
4.090000000000000000e+03 5.700000000000000000e+01
4.103000000000000000e+03 5.700000000000000000e+01
4.565000000000000000e+03 5.700000000000000000e+01
4.601000000000000000e+03 2.524000000000000000e+03
4.609000000000000000e+03 3.310000000000000000e+03
4.611000000000000000e+03 5.700000000000000000e+01
4.794000000000000000e+03 2.524000000000000000e+03
4.883000000000000000e+03 2.524000000000000000e+03
4.905000000000000000e+03 5.700000000000000000e+01
4.918000000000000000e+03 5.700000000000000000e+01
5.227000000000000000e+03 6.000000000000000000e+01
5.263000000000000000e+03 5.700000000000000000e+01
5.331000000000000000e+03 2.051000000000000000e+03
5.476000000000000000e+03 2.524000000000000000e+03
5.572000000000000000e+03 2.524000000000000000e+03
5.581000000000000000e+03 1.670000000000000000e+02
5.669000000000000000e+03 3.355000000000000000e+03
6.046000000000000000e+03 2.051000000000000000e+03
6.190000000000000000e+03 1.670000000000000000e+02
6.191000000000000000e+03 1.670000000000000000e+02
6.267000000000000000e+03 1.370000000000000000e+02
6.288000000000000000e+03 5.700000000000000000e+01
6.628000000000000000e+03 9.300000000000000000e+01
6.656000000000000000e+03 2.524000000000000000e+03
6.747000000000000000e+03 4.622000000000000000e+03
6.879000000000000000e+03 3.179000000000000000e+03
6.892000000000000000e+03 5.700000000000000000e+01
6.896000000000000000e+03 5.700000000000000000e+01
6.923000000000000000e+03 2.524000000000000000e+03
6.925000000000000000e+03 5.700000000000000000e+01
6.935000000000000000e+03 1.697000000000000000e+03
6.950000000000000000e+03 3.568000000000000000e+03
7.046000000000000000e+03 2.000000000000000000e+01
7.061000000000000000e+03 2.200000000000000000e+01
7.084000000000000000e+03 9.000000000000000000e+00
7.124000000000000000e+03 2.400000000000000000e+01
7.126000000000000000e+03 1.670000000000000000e+02
7.127000000000000000e+03 1.670000000000000000e+02
7.129000000000000000e+03 2.524000000000000000e+03
7.132000000000000000e+03 1.300000000000000000e+01
7.151000000000000000e+03 3.800000000000000000e+01
7.163000000000000000e+03 5.700000000000000000e+01
7.169000000000000000e+03 5.700000000000000000e+01
7.180000000000000000e+03 2.524000000000000000e+03
7.185000000000000000e+03 5.700000000000000000e+01
7.189000000000000000e+03 2.524000000000000000e+03
7.191000000000000000e+03 3.000000000000000000e+01
7.201000000000000000e+03 6.862000000000000000e+03
7.208000000000000000e+03 5.900000000000000000e+01
7.209000000000000000e+03 6.000000000000000000e+01
7.210000000000000000e+03 3.700000000000000000e+01
7.213000000000000000e+03 2.900000000000000000e+01
7.237000000000000000e+03 2.300000000000000000e+01
7.268000000000000000e+03 2.800000000000000000e+01
7.270000000000000000e+03 1.400000000000000000e+01
7.314000000000000000e+03 4.900000000000000000e+01
7.332000000000000000e+03 5.600000000000000000e+01
7.373000000000000000e+03 4.600000000000000000e+01
7.387000000000000000e+03 7.830000000000000000e+02
7.388000000000000000e+03 1.670000000000000000e+02
7.389000000000000000e+03 1.670000000000000000e+02
7.393000000000000000e+03 5.700000000000000000e+01
7.497000000000000000e+03 7.700000000000000000e+01
7.579000000000000000e+03 7.100000000000000000e+01
7.585000000000000000e+03 6.600000000000000000e+01
7.594000000000000000e+03 7.600000000000000000e+01
7.603000000000000000e+03 6.900000000000000000e+01
7.659000000000000000e+03 7.300000000000000000e+01
7.692000000000000000e+03 7.800000000000000000e+01
7.706000000000000000e+03 7.400000000000000000e+01
7.715000000000000000e+03 8.600000000000000000e+01
7.734000000000000000e+03 9.000000000000000000e+01
7.739000000000000000e+03 9.000000000000000000e+01
7.761000000000000000e+03 1.000000000000000000e+02
7.779000000000000000e+03 9.300000000000000000e+01
7.798000000000000000e+03 6.000000000000000000e+01
7.804000000000000000e+03 9.500000000000000000e+01
7.817000000000000000e+03 5.700000000000000000e+01
7.834000000000000000e+03 9.800000000000000000e+01
7.851000000000000000e+03 1.030000000000000000e+02
7.862000000000000000e+03 1.150000000000000000e+02
7.888000000000000000e+03 1.927000000000000000e+03
7.983000000000000000e+03 1.070000000000000000e+02
7.984000000000000000e+03 1.250000000000000000e+02
8.007000000000000000e+03 1.060000000000000000e+02
8.011000000000000000e+03 1.160000000000000000e+02
8.013000000000000000e+03 2.632000000000000000e+03
8.021000000000000000e+03 1.400000000000000000e+02
8.022000000000000000e+03 2.632000000000000000e+03
8.024000000000000000e+03 2.644000000000000000e+03
8.025000000000000000e+03 1.330000000000000000e+02
8.029000000000000000e+03 1.190000000000000000e+02
8.061000000000000000e+03 1.320000000000000000e+02
8.068000000000000000e+03 1.260000000000000000e+02
8.112000000000000000e+03 1.340000000000000000e+02
8.153000000000000000e+03 1.420000000000000000e+02
8.156000000000000000e+03 1.410000000000000000e+02
8.186000000000000000e+03 1.660000000000000000e+02
8.194000000000000000e+03 1.390000000000000000e+02
8.232000000000000000e+03 1.820000000000000000e+02
8.250000000000000000e+03 1.840000000000000000e+02
8.254000000000000000e+03 1.750000000000000000e+02
8.277000000000000000e+03 1.680000000000000000e+02
8.278000000000000000e+03 1.890000000000000000e+02
8.283000000000000000e+03 1.480000000000000000e+02
8.291000000000000000e+03 1.850000000000000000e+02
8.329000000000000000e+03 1.950000000000000000e+02
8.351000000000000000e+03 2.060000000000000000e+02
8.362000000000000000e+03 8.260000000000000000e+02
8.406000000000000000e+03 2.160000000000000000e+02
8.416000000000000000e+03 1.570000000000000000e+02
8.419000000000000000e+03 1.620000000000000000e+02
8.422000000000000000e+03 2.220000000000000000e+02
8.428000000000000000e+03 2.524000000000000000e+03
8.461000000000000000e+03 2.210000000000000000e+02
8.468000000000000000e+03 1.980000000000000000e+02
8.490000000000000000e+03 1.740000000000000000e+02
8.508000000000000000e+03 2.230000000000000000e+02
8.510000000000000000e+03 1.640000000000000000e+02
8.521000000000000000e+03 2.090000000000000000e+02
8.592000000000000000e+03 1.760000000000000000e+02
8.597000000000000000e+03 2.140000000000000000e+02
8.615000000000000000e+03 1.442000000000000000e+03
8.629000000000000000e+03 2.640000000000000000e+02
8.636000000000000000e+03 7.830000000000000000e+02
8.648000000000000000e+03 2.040000000000000000e+02
8.652000000000000000e+03 2.720000000000000000e+02
8.656000000000000000e+03 1.900000000000000000e+02
8.662000000000000000e+03 1.910000000000000000e+02
8.699000000000000000e+03 2.350000000000000000e+02
8.726000000000000000e+03 2.380000000000000000e+02
8.752000000000000000e+03 1.970000000000000000e+02
8.771000000000000000e+03 2.560000000000000000e+02
8.803000000000000000e+03 2.600000000000000000e+02
8.809000000000000000e+03 2.180000000000000000e+02
8.813000000000000000e+03 2.340000000000000000e+02
8.834000000000000000e+03 3.740000000000000000e+02
8.852000000000000000e+03 2.940000000000000000e+02
8.854000000000000000e+03 2.940000000000000000e+02
8.936000000000000000e+03 3.650000000000000000e+02
8.944000000000000000e+03 2.510000000000000000e+02
8.980000000000000000e+03 2.970000000000000000e+02
8.997000000000000000e+03 2.450000000000000000e+02
8.999000000000000000e+03 3.400000000000000000e+02
9.005000000000000000e+03 3.150000000000000000e+02
9.035000000000000000e+03 3.110000000000000000e+02
9.040000000000000000e+03 3.630000000000000000e+02
9.042000000000000000e+03 2.630000000000000000e+02
9.085000000000000000e+03 2.530000000000000000e+02
9.190000000000000000e+03 4.670000000000000000e+02
9.199000000000000000e+03 3.340000000000000000e+02
9.240000000000000000e+03 4.680000000000000000e+02
9.268000000000000000e+03 3.870000000000000000e+02
9.269000000000000000e+03 2.900000000000000000e+02
9.285000000000000000e+03 3.980000000000000000e+02
9.287000000000000000e+03 3.470000000000000000e+02
9.293000000000000000e+03 4.810000000000000000e+02
9.294000000000000000e+03 2.760000000000000000e+02
9.296000000000000000e+03 2.950000000000000000e+02
9.358000000000000000e+03 3.750000000000000000e+02
9.371000000000000000e+03 2.910000000000000000e+02
9.384000000000000000e+03 3.420000000000000000e+02
9.415000000000000000e+03 3.780000000000000000e+02
9.424000000000000000e+03 4.610000000000000000e+02
9.429000000000000000e+03 3.770000000000000000e+02
9.440000000000000000e+03 3.830000000000000000e+02
9.443000000000000000e+03 3.900000000000000000e+02
9.458000000000000000e+03 4.340000000000000000e+02
9.488000000000000000e+03 3.930000000000000000e+02
9.556000000000000000e+03 5.110000000000000000e+02
9.558000000000000000e+03 3.820000000000000000e+02
9.581000000000000000e+03 4.870000000000000000e+02
9.594000000000000000e+03 5.290000000000000000e+02
9.597000000000000000e+03 3.310000000000000000e+02
9.603000000000000000e+03 6.240000000000000000e+02
9.605000000000000000e+03 3.290000000000000000e+02
9.633000000000000000e+03 5.180000000000000000e+02
9.650000000000000000e+03 4.520000000000000000e+02
9.662000000000000000e+03 3.540000000000000000e+02
9.665000000000000000e+03 5.490000000000000000e+02
9.675000000000000000e+03 5.340000000000000000e+02
9.681000000000000000e+03 4.750000000000000000e+02
9.683000000000000000e+03 3.570000000000000000e+02
9.686000000000000000e+03 6.280000000000000000e+02
9.732000000000000000e+03 4.640000000000000000e+02
9.736000000000000000e+03 5.690000000000000000e+02
9.742000000000000000e+03 5.200000000000000000e+02
9.756000000000000000e+03 5.390000000000000000e+02
9.759000000000000000e+03 5.360000000000000000e+02
9.763000000000000000e+03 4.100000000000000000e+02
9.765000000000000000e+03 3.960000000000000000e+02
9.766000000000000000e+03 3.970000000000000000e+02
9.768000000000000000e+03 4.040000000000000000e+02
9.776000000000000000e+03 4.530000000000000000e+02
9.806000000000000000e+03 5.610000000000000000e+02
9.807000000000000000e+03 4.180000000000000000e+02
9.821000000000000000e+03 3.950000000000000000e+02
9.824000000000000000e+03 4.690000000000000000e+02
9.830000000000000000e+03 5.790000000000000000e+02
9.853000000000000000e+03 5.770000000000000000e+02
9.864000000000000000e+03 5.840000000000000000e+02
9.879000000000000000e+03 5.560000000000000000e+02
9.881000000000000000e+03 4.590000000000000000e+02
9.952000000000000000e+03 5.760000000000000000e+02
9.958000000000000000e+03 5.470000000000000000e+02
9.963000000000000000e+03 5.310000000000000000e+02
9.965000000000000000e+03 4.260000000000000000e+02
9.966000000000000000e+03 4.270000000000000000e+02
9.976000000000000000e+03 5.590000000000000000e+02
9.977000000000000000e+03 6.130000000000000000e+02
1.000800000000000000e+04 4.430000000000000000e+02
1.001100000000000000e+04 6.110000000000000000e+02
1.002000000000000000e+04 6.000000000000000000e+02
1.002100000000000000e+04 4.500000000000000000e+02
1.003500000000000000e+04 6.700000000000000000e+02
1.006900000000000000e+04 6.770000000000000000e+02
1.008800000000000000e+04 6.390000000000000000e+02
1.012800000000000000e+04 5.270000000000000000e+02
1.017900000000000000e+04 5.990000000000000000e+02
1.019100000000000000e+04 5.960000000000000000e+02
1.019600000000000000e+04 5.160000000000000000e+02
1.023100000000000000e+04 5.028000000000000000e+03
1.023800000000000000e+04 4.970000000000000000e+02
1.024800000000000000e+04 5.520000000000000000e+02
1.025600000000000000e+04 5.230000000000000000e+02
1.026100000000000000e+04 6.720000000000000000e+02
1.028900000000000000e+04 6.050000000000000000e+02
1.029200000000000000e+04 6.500000000000000000e+02
1.031700000000000000e+04 7.440000000000000000e+02
1.031800000000000000e+04 6.440000000000000000e+02
1.031900000000000000e+04 6.830000000000000000e+02
1.032000000000000000e+04 7.430000000000000000e+02
1.032600000000000000e+04 6.680000000000000000e+02
1.032800000000000000e+04 6.360000000000000000e+02
1.033900000000000000e+04 6.300000000000000000e+02
1.034100000000000000e+04 6.310000000000000000e+02
1.034800000000000000e+04 6.980000000000000000e+02
1.035400000000000000e+04 5.700000000000000000e+02
1.037400000000000000e+04 7.080000000000000000e+02
1.039700000000000000e+04 5.570000000000000000e+02
1.039800000000000000e+04 5.220000000000000000e+02
1.042000000000000000e+04 7.760000000000000000e+02
1.048200000000000000e+04 6.190000000000000000e+02
1.048400000000000000e+04 7.240000000000000000e+02
1.049100000000000000e+04 6.590000000000000000e+02
1.050400000000000000e+04 7.420000000000000000e+02
1.050900000000000000e+04 7.680000000000000000e+02
1.052300000000000000e+04 5.640000000000000000e+02
1.053400000000000000e+04 7.110000000000000000e+02
1.055100000000000000e+04 6.550000000000000000e+02
1.055200000000000000e+04 5.940000000000000000e+02
1.055300000000000000e+04 5.900000000000000000e+02
1.056100000000000000e+04 5.740000000000000000e+02
1.056900000000000000e+04 5.620000000000000000e+02
1.063900000000000000e+04 8.370000000000000000e+02
1.064000000000000000e+04 7.640000000000000000e+02
1.067100000000000000e+04 6.800000000000000000e+02
1.067300000000000000e+04 6.350000000000000000e+02
1.072100000000000000e+04 7.930000000000000000e+02
1.072200000000000000e+04 7.940000000000000000e+02
1.072600000000000000e+04 6.250000000000000000e+02
1.074100000000000000e+04 8.240000000000000000e+02
1.074200000000000000e+04 8.400000000000000000e+02
1.078600000000000000e+04 6.210000000000000000e+02
1.079000000000000000e+04 7.830000000000000000e+02
1.080700000000000000e+04 9.440000000000000000e+02
1.081300000000000000e+04 7.170000000000000000e+02
1.081500000000000000e+04 7.470000000000000000e+02
1.081600000000000000e+04 9.020000000000000000e+02
1.082100000000000000e+04 9.140000000000000000e+02
1.083700000000000000e+04 8.300000000000000000e+02
1.084500000000000000e+04 7.200000000000000000e+02
1.085300000000000000e+04 8.070000000000000000e+02
1.085600000000000000e+04 7.180000000000000000e+02
1.086000000000000000e+04 7.880000000000000000e+02
1.086400000000000000e+04 7.460000000000000000e+02
1.087100000000000000e+04 8.210000000000000000e+02
1.088300000000000000e+04 8.830000000000000000e+02
1.091600000000000000e+04 9.100000000000000000e+02
1.093600000000000000e+04 7.410000000000000000e+02
1.094200000000000000e+04 8.800000000000000000e+02
1.094400000000000000e+04 8.740000000000000000e+02
1.095500000000000000e+04 8.060000000000000000e+02
1.095900000000000000e+04 6.520000000000000000e+02
1.098200000000000000e+04 7.490000000000000000e+02
1.099300000000000000e+04 8.910000000000000000e+02
1.100200000000000000e+04 7.730000000000000000e+02
1.100600000000000000e+04 8.250000000000000000e+02
1.101100000000000000e+04 8.260000000000000000e+02
1.101300000000000000e+04 7.260000000000000000e+02
1.101700000000000000e+04 9.720000000000000000e+02
1.102100000000000000e+04 9.730000000000000000e+02
1.102400000000000000e+04 7.700000000000000000e+02
1.104000000000000000e+04 8.840000000000000000e+02
1.104600000000000000e+04 7.000000000000000000e+02
1.105800000000000000e+04 6.820000000000000000e+02
1.107100000000000000e+04 9.230000000000000000e+02
1.107300000000000000e+04 6.310000000000000000e+02
1.107400000000000000e+04 8.500000000000000000e+02
1.109400000000000000e+04 8.230000000000000000e+02
1.110600000000000000e+04 1.066000000000000000e+03
1.110700000000000000e+04 9.130000000000000000e+02
1.112000000000000000e+04 7.600000000000000000e+02
1.113400000000000000e+04 8.960000000000000000e+02
1.113500000000000000e+04 8.000000000000000000e+02
1.114800000000000000e+04 8.040000000000000000e+02
1.115000000000000000e+04 8.670000000000000000e+02
1.115300000000000000e+04 7.550000000000000000e+02
1.115800000000000000e+04 9.480000000000000000e+02
1.118600000000000000e+04 7.620000000000000000e+02
1.119700000000000000e+04 9.890000000000000000e+02
1.121800000000000000e+04 1.022000000000000000e+03
1.123700000000000000e+04 9.760000000000000000e+02
1.123900000000000000e+04 7.850000000000000000e+02
1.125100000000000000e+04 7.990000000000000000e+02
1.125600000000000000e+04 8.890000000000000000e+02
1.125800000000000000e+04 7.840000000000000000e+02
1.127100000000000000e+04 8.110000000000000000e+02
1.127800000000000000e+04 7.860000000000000000e+02
1.127900000000000000e+04 7.810000000000000000e+02
1.129600000000000000e+04 1.073000000000000000e+03
1.131500000000000000e+04 8.130000000000000000e+02
1.132900000000000000e+04 8.490000000000000000e+02
1.135900000000000000e+04 1.064000000000000000e+03
1.137100000000000000e+04 8.190000000000000000e+02
1.139300000000000000e+04 8.790000000000000000e+02
1.139400000000000000e+04 8.630000000000000000e+02
1.140900000000000000e+04 8.520000000000000000e+02
1.141200000000000000e+04 9.150000000000000000e+02
1.141400000000000000e+04 1.056000000000000000e+03
1.141500000000000000e+04 1.057000000000000000e+03
1.142800000000000000e+04 1.032000000000000000e+03
1.143300000000000000e+04 9.300000000000000000e+02
1.144300000000000000e+04 1.002000000000000000e+03
1.144700000000000000e+04 1.003000000000000000e+03
1.145500000000000000e+04 8.680000000000000000e+02
1.145900000000000000e+04 8.990000000000000000e+02
1.146000000000000000e+04 9.000000000000000000e+02
1.146200000000000000e+04 8.360000000000000000e+02
1.147000000000000000e+04 1.003000000000000000e+03
1.148600000000000000e+04 1.081000000000000000e+03
1.149000000000000000e+04 1.031000000000000000e+03
1.149200000000000000e+04 1.005000000000000000e+03
1.151700000000000000e+04 8.730000000000000000e+02
1.153400000000000000e+04 9.380000000000000000e+02
1.155700000000000000e+04 1.043000000000000000e+03
1.155900000000000000e+04 1.029000000000000000e+03
1.158700000000000000e+04 8.650000000000000000e+02
1.159100000000000000e+04 8.860000000000000000e+02
1.159700000000000000e+04 8.980000000000000000e+02
1.159900000000000000e+04 9.660000000000000000e+02
1.160300000000000000e+04 9.190000000000000000e+02
1.161500000000000000e+04 9.350000000000000000e+02
1.162100000000000000e+04 1.140000000000000000e+03
1.162200000000000000e+04 9.010000000000000000e+02
1.162400000000000000e+04 8.570000000000000000e+02
1.163000000000000000e+04 9.870000000000000000e+02
1.164400000000000000e+04 9.530000000000000000e+02
1.166300000000000000e+04 1.012000000000000000e+03
1.167200000000000000e+04 2.475000000000000000e+03
1.168300000000000000e+04 9.110000000000000000e+02
1.168400000000000000e+04 9.120000000000000000e+02
1.170200000000000000e+04 8.880000000000000000e+02
1.171200000000000000e+04 8.810000000000000000e+02
1.171400000000000000e+04 8.820000000000000000e+02
1.172500000000000000e+04 9.940000000000000000e+02
1.173900000000000000e+04 9.990000000000000000e+02
1.176400000000000000e+04 9.430000000000000000e+02
1.176800000000000000e+04 9.710000000000000000e+02
1.178100000000000000e+04 9.840000000000000000e+02
1.180000000000000000e+04 1.154000000000000000e+03
1.180300000000000000e+04 1.223000000000000000e+03
1.182100000000000000e+04 1.021000000000000000e+03
1.182300000000000000e+04 1.117000000000000000e+03
1.184000000000000000e+04 9.540000000000000000e+02
1.184100000000000000e+04 1.135000000000000000e+03
1.184300000000000000e+04 1.034000000000000000e+03
1.185000000000000000e+04 1.192000000000000000e+03
1.186500000000000000e+04 1.007000000000000000e+03
1.187100000000000000e+04 9.220000000000000000e+02
1.188100000000000000e+04 2.524000000000000000e+03
1.190200000000000000e+04 9.800000000000000000e+02
1.190300000000000000e+04 1.082000000000000000e+03
1.191600000000000000e+04 1.130000000000000000e+03
1.192300000000000000e+04 9.310000000000000000e+02
1.194000000000000000e+04 1.093000000000000000e+03
1.195400000000000000e+04 1.090000000000000000e+03
1.196400000000000000e+04 1.118000000000000000e+03
1.197000000000000000e+04 9.790000000000000000e+02
1.197300000000000000e+04 1.092000000000000000e+03
1.197700000000000000e+04 1.183000000000000000e+03
1.199300000000000000e+04 1.161000000000000000e+03
1.200600000000000000e+04 6.936000000000000000e+03
1.200800000000000000e+04 1.164000000000000000e+03
1.201100000000000000e+04 1.048000000000000000e+03
1.201500000000000000e+04 1.028000000000000000e+03
1.202800000000000000e+04 1.206000000000000000e+03
1.203200000000000000e+04 1.009000000000000000e+03
1.205500000000000000e+04 1.185000000000000000e+03
1.205900000000000000e+04 1.296000000000000000e+03
1.207500000000000000e+04 1.128000000000000000e+03
1.208400000000000000e+04 1.132000000000000000e+03
1.209300000000000000e+04 1.209000000000000000e+03
1.209900000000000000e+04 1.173000000000000000e+03
1.214100000000000000e+04 1.195000000000000000e+03
1.214200000000000000e+04 1.197000000000000000e+03
1.214900000000000000e+04 1.110000000000000000e+03
1.215400000000000000e+04 1.178000000000000000e+03
1.217100000000000000e+04 1.011000000000000000e+03
1.217400000000000000e+04 1.295000000000000000e+03
1.218200000000000000e+04 1.304000000000000000e+03
1.218800000000000000e+04 1.277000000000000000e+03
1.219100000000000000e+04 1.146000000000000000e+03
1.219300000000000000e+04 1.264000000000000000e+03
1.219400000000000000e+04 1.127000000000000000e+03
1.220600000000000000e+04 1.052000000000000000e+03
1.220700000000000000e+04 1.053000000000000000e+03
1.221100000000000000e+04 1.317000000000000000e+03
1.223200000000000000e+04 1.145000000000000000e+03
1.223400000000000000e+04 1.060000000000000000e+03
1.225500000000000000e+04 1.169000000000000000e+03
1.227000000000000000e+04 1.291000000000000000e+03
1.227900000000000000e+04 1.156000000000000000e+03
1.229000000000000000e+04 1.244000000000000000e+03
1.229200000000000000e+04 1.221000000000000000e+03
1.230400000000000000e+04 1.167000000000000000e+03
1.231200000000000000e+04 1.245000000000000000e+03
1.233100000000000000e+04 1.235000000000000000e+03
1.233400000000000000e+04 1.267000000000000000e+03
1.233500000000000000e+04 1.201000000000000000e+03
1.235200000000000000e+04 1.214000000000000000e+03
1.235700000000000000e+04 1.226000000000000000e+03
1.236000000000000000e+04 1.258000000000000000e+03
1.236600000000000000e+04 1.149000000000000000e+03
1.237200000000000000e+04 1.151000000000000000e+03
1.237400000000000000e+04 1.297000000000000000e+03
1.238800000000000000e+04 1.229000000000000000e+03
1.240000000000000000e+04 1.184000000000000000e+03
1.243400000000000000e+04 1.131000000000000000e+03
1.243800000000000000e+04 1.306000000000000000e+03
1.244500000000000000e+04 1.165000000000000000e+03
1.247100000000000000e+04 1.312000000000000000e+03
1.247700000000000000e+04 6.362000000000000000e+03
1.248500000000000000e+04 1.179000000000000000e+03
1.249500000000000000e+04 1.332000000000000000e+03
1.250100000000000000e+04 1.329000000000000000e+03
1.252500000000000000e+04 1.218000000000000000e+03
1.253600000000000000e+04 1.190000000000000000e+03
1.256700000000000000e+04 1.202000000000000000e+03
1.257000000000000000e+04 1.420000000000000000e+03
1.257100000000000000e+04 1.354000000000000000e+03
1.257300000000000000e+04 1.292000000000000000e+03
1.259600000000000000e+04 1.287000000000000000e+03
1.259900000000000000e+04 1.387000000000000000e+03
1.260000000000000000e+04 1.382000000000000000e+03
1.262100000000000000e+04 1.250000000000000000e+03
1.264400000000000000e+04 1.273000000000000000e+03
1.264500000000000000e+04 1.274000000000000000e+03
1.265600000000000000e+04 1.424000000000000000e+03
1.265900000000000000e+04 1.256000000000000000e+03
1.266500000000000000e+04 1.203000000000000000e+03
1.268900000000000000e+04 1.432000000000000000e+03
1.271800000000000000e+04 1.212000000000000000e+03
1.272600000000000000e+04 1.309000000000000000e+03
1.275900000000000000e+04 1.318000000000000000e+03
1.277900000000000000e+04 1.234000000000000000e+03
1.278200000000000000e+04 1.275000000000000000e+03
1.280200000000000000e+04 1.456000000000000000e+03
1.281000000000000000e+04 1.473000000000000000e+03
1.282000000000000000e+04 1.314000000000000000e+03
1.282300000000000000e+04 1.319000000000000000e+03
1.284200000000000000e+04 1.384000000000000000e+03
1.284300000000000000e+04 1.320000000000000000e+03
1.285000000000000000e+04 1.350000000000000000e+03
1.286200000000000000e+04 1.494000000000000000e+03
1.287500000000000000e+04 1.458000000000000000e+03
1.288100000000000000e+04 1.363000000000000000e+03
1.288700000000000000e+04 1.326000000000000000e+03
1.289300000000000000e+04 1.346000000000000000e+03
1.290900000000000000e+04 1.373000000000000000e+03
1.298800000000000000e+04 1.367000000000000000e+03
1.303300000000000000e+04 1.336000000000000000e+03
1.306900000000000000e+04 1.399000000000000000e+03
1.308200000000000000e+04 1.510000000000000000e+03
1.310600000000000000e+04 1.405000000000000000e+03
1.311600000000000000e+04 1.409000000000000000e+03
1.312000000000000000e+04 2.524000000000000000e+03
1.313800000000000000e+04 1.415000000000000000e+03
1.316200000000000000e+04 1.508000000000000000e+03
1.319500000000000000e+04 1.470000000000000000e+03
1.321200000000000000e+04 1.526000000000000000e+03
1.321300000000000000e+04 1.441000000000000000e+03
1.321400000000000000e+04 1.436000000000000000e+03
1.321600000000000000e+04 1.524000000000000000e+03
1.325300000000000000e+04 1.437000000000000000e+03
1.327000000000000000e+04 1.466000000000000000e+03
1.327300000000000000e+04 1.422000000000000000e+03
1.328000000000000000e+04 1.454000000000000000e+03
1.328200000000000000e+04 1.455000000000000000e+03
1.329200000000000000e+04 1.428000000000000000e+03
1.330300000000000000e+04 1.537000000000000000e+03
1.330500000000000000e+04 1.427000000000000000e+03
1.331800000000000000e+04 1.447000000000000000e+03
1.332500000000000000e+04 1.457000000000000000e+03
1.334300000000000000e+04 1.558000000000000000e+03
1.335700000000000000e+04 1.435000000000000000e+03
1.337800000000000000e+04 1.461000000000000000e+03
1.343200000000000000e+04 4.995000000000000000e+03
1.345200000000000000e+04 1.551000000000000000e+03
1.345600000000000000e+04 1.518000000000000000e+03
1.346600000000000000e+04 1.498000000000000000e+03
1.347200000000000000e+04 1.564000000000000000e+03
1.350900000000000000e+04 1.563000000000000000e+03
1.352700000000000000e+04 1.599000000000000000e+03
1.353400000000000000e+04 1.514000000000000000e+03
1.353900000000000000e+04 1.569000000000000000e+03
1.355400000000000000e+04 1.582000000000000000e+03
1.355700000000000000e+04 1.576000000000000000e+03
1.358600000000000000e+04 1.578000000000000000e+03
1.358800000000000000e+04 1.577000000000000000e+03
1.360400000000000000e+04 1.593000000000000000e+03
1.360500000000000000e+04 1.501000000000000000e+03
1.362200000000000000e+04 1.596000000000000000e+03
1.366900000000000000e+04 1.559000000000000000e+03
1.367700000000000000e+04 3.406000000000000000e+03
1.371800000000000000e+04 1.609000000000000000e+03
1.372700000000000000e+04 1.637000000000000000e+03
1.376000000000000000e+04 1.634000000000000000e+03
1.377100000000000000e+04 1.627000000000000000e+03
1.378600000000000000e+04 1.626000000000000000e+03
1.380200000000000000e+04 1.655000000000000000e+03
1.384300000000000000e+04 1.597000000000000000e+03
1.386500000000000000e+04 1.672000000000000000e+03
1.387600000000000000e+04 1.645000000000000000e+03
1.388100000000000000e+04 1.566000000000000000e+03
1.390600000000000000e+04 1.649000000000000000e+03
1.390800000000000000e+04 1.561000000000000000e+03
1.391900000000000000e+04 1.656000000000000000e+03
1.395200000000000000e+04 1.620000000000000000e+03
1.398600000000000000e+04 3.310000000000000000e+03
1.399500000000000000e+04 1.682000000000000000e+03
1.400600000000000000e+04 1.674000000000000000e+03
1.401900000000000000e+04 1.580000000000000000e+03
1.402000000000000000e+04 1.581000000000000000e+03
1.402300000000000000e+04 1.696000000000000000e+03
1.402400000000000000e+04 1.612000000000000000e+03
1.402500000000000000e+04 1.613000000000000000e+03
1.403900000000000000e+04 1.616000000000000000e+03
1.408000000000000000e+04 1.629000000000000000e+03
1.411000000000000000e+04 1.607000000000000000e+03
1.420400000000000000e+04 1.642000000000000000e+03
1.421700000000000000e+04 1.714000000000000000e+03
1.426000000000000000e+04 1.731000000000000000e+03
1.426200000000000000e+04 1.732000000000000000e+03
1.428400000000000000e+04 1.683000000000000000e+03
1.429400000000000000e+04 1.671000000000000000e+03
1.439500000000000000e+04 1.691000000000000000e+03
1.440100000000000000e+04 1.698000000000000000e+03
1.442000000000000000e+04 1.694000000000000000e+03
1.447700000000000000e+04 1.703000000000000000e+03
1.448300000000000000e+04 1.726000000000000000e+03
1.449100000000000000e+04 1.761000000000000000e+03
1.449300000000000000e+04 1.776000000000000000e+03
1.449800000000000000e+04 1.721000000000000000e+03
1.451000000000000000e+04 1.786000000000000000e+03
1.452500000000000000e+04 1.723000000000000000e+03
1.454000000000000000e+04 1.788000000000000000e+03
1.456000000000000000e+04 1.787000000000000000e+03
1.456500000000000000e+04 1.757000000000000000e+03
1.456900000000000000e+04 1.795000000000000000e+03
1.458500000000000000e+04 1.737000000000000000e+03
1.462200000000000000e+04 1.729000000000000000e+03
1.462500000000000000e+04 1.907000000000000000e+03
1.465600000000000000e+04 1.769000000000000000e+03
1.467200000000000000e+04 1.818000000000000000e+03
1.469600000000000000e+04 1.755000000000000000e+03
1.469700000000000000e+04 1.752000000000000000e+03
1.470200000000000000e+04 1.785000000000000000e+03
1.470300000000000000e+04 1.749000000000000000e+03
1.473600000000000000e+04 1.783000000000000000e+03
1.474200000000000000e+04 1.834000000000000000e+03
1.477200000000000000e+04 1.775000000000000000e+03
1.480500000000000000e+04 1.807000000000000000e+03
1.481800000000000000e+04 1.863000000000000000e+03
1.485700000000000000e+04 1.797000000000000000e+03
1.486500000000000000e+04 1.879000000000000000e+03
1.493100000000000000e+04 1.866000000000000000e+03
1.494500000000000000e+04 1.908000000000000000e+03
1.494600000000000000e+04 1.873000000000000000e+03
1.497900000000000000e+04 1.907000000000000000e+03
1.498200000000000000e+04 1.842000000000000000e+03
1.500700000000000000e+04 1.877000000000000000e+03
1.500800000000000000e+04 2.098000000000000000e+03
1.501300000000000000e+04 1.870000000000000000e+03
1.501500000000000000e+04 1.883000000000000000e+03
1.502000000000000000e+04 1.894000000000000000e+03
1.504100000000000000e+04 1.868000000000000000e+03
1.505000000000000000e+04 1.918000000000000000e+03
1.506100000000000000e+04 1.872000000000000000e+03
1.508400000000000000e+04 1.935000000000000000e+03
1.510500000000000000e+04 1.911000000000000000e+03
1.515100000000000000e+04 1.949000000000000000e+03
1.517000000000000000e+04 1.973000000000000000e+03
1.524700000000000000e+04 1.989000000000000000e+03
1.525600000000000000e+04 2.078000000000000000e+03
1.528000000000000000e+04 2.001000000000000000e+03
1.537000000000000000e+04 2.559000000000000000e+03
1.539000000000000000e+04 2.017000000000000000e+03
1.539300000000000000e+04 2.029000000000000000e+03
1.541800000000000000e+04 2.101000000000000000e+03
1.541900000000000000e+04 2.101000000000000000e+03
1.542600000000000000e+04 2.031000000000000000e+03
1.543500000000000000e+04 2.101000000000000000e+03
1.543900000000000000e+04 1.865000000000000000e+03
1.545700000000000000e+04 1.670000000000000000e+02
1.547500000000000000e+04 2.037000000000000000e+03
1.557900000000000000e+04 2.048000000000000000e+03
1.559300000000000000e+04 2.047000000000000000e+03
1.562500000000000000e+04 2.050000000000000000e+03
1.562600000000000000e+04 2.247000000000000000e+03
1.565800000000000000e+04 2.058000000000000000e+03
1.572700000000000000e+04 2.059000000000000000e+03
1.580000000000000000e+04 1.907000000000000000e+03
1.580200000000000000e+04 1.907000000000000000e+03
1.590400000000000000e+04 2.081000000000000000e+03
1.590900000000000000e+04 2.644000000000000000e+03
1.598400000000000000e+04 9.300000000000000000e+01
1.598900000000000000e+04 2.087000000000000000e+03
1.599200000000000000e+04 4.037000000000000000e+03
1.603800000000000000e+04 2.111000000000000000e+03
1.604000000000000000e+04 2.644000000000000000e+03
1.604300000000000000e+04 9.300000000000000000e+01
1.605700000000000000e+04 2.095000000000000000e+03
1.605800000000000000e+04 2.098000000000000000e+03
1.607500000000000000e+04 2.524000000000000000e+03
1.608700000000000000e+04 2.100000000000000000e+03
1.617200000000000000e+04 2.524000000000000000e+03
1.621600000000000000e+04 2.104000000000000000e+03
1.628600000000000000e+04 2.107000000000000000e+03
1.628700000000000000e+04 2.108000000000000000e+03
1.629300000000000000e+04 2.110000000000000000e+03
1.632600000000000000e+04 2.115000000000000000e+03
1.632700000000000000e+04 2.114000000000000000e+03
1.632900000000000000e+04 2.116000000000000000e+03
1.643500000000000000e+04 2.125000000000000000e+03
1.645700000000000000e+04 9.300000000000000000e+01
1.647200000000000000e+04 2.248000000000000000e+03
1.651800000000000000e+04 2.385000000000000000e+03
1.654200000000000000e+04 2.524000000000000000e+03
1.657000000000000000e+04 2.111000000000000000e+03
1.658300000000000000e+04 2.524000000000000000e+03
1.661700000000000000e+04 2.146000000000000000e+03
1.662800000000000000e+04 2.933000000000000000e+03
1.664100000000000000e+04 2.718000000000000000e+03
1.665100000000000000e+04 2.155000000000000000e+03
1.665300000000000000e+04 2.169000000000000000e+03
1.666100000000000000e+04 2.644000000000000000e+03
1.666200000000000000e+04 1.927000000000000000e+03
1.679400000000000000e+04 2.170000000000000000e+03
1.681200000000000000e+04 2.173000000000000000e+03
1.683300000000000000e+04 2.176000000000000000e+03
1.692900000000000000e+04 2.102000000000000000e+03
1.699000000000000000e+04 2.185000000000000000e+03
1.703900000000000000e+04 2.186000000000000000e+03
1.706500000000000000e+04 2.187000000000000000e+03
1.712400000000000000e+04 2.196000000000000000e+03
1.714300000000000000e+04 2.169000000000000000e+03
1.714900000000000000e+04 2.215000000000000000e+03
1.722400000000000000e+04 2.212000000000000000e+03
1.725900000000000000e+04 2.222000000000000000e+03
1.737700000000000000e+04 2.978000000000000000e+03
1.737900000000000000e+04 2.236000000000000000e+03
1.747200000000000000e+04 2.242000000000000000e+03
1.756700000000000000e+04 2.524000000000000000e+03
1.772900000000000000e+04 2.524000000000000000e+03
1.784400000000000000e+04 2.276000000000000000e+03
1.792700000000000000e+04 2.248000000000000000e+03
1.794700000000000000e+04 2.921000000000000000e+03
1.798100000000000000e+04 2.305000000000000000e+03
1.803200000000000000e+04 2.057000000000000000e+03
1.803600000000000000e+04 9.300000000000000000e+01
1.806700000000000000e+04 2.248000000000000000e+03
1.813600000000000000e+04 9.300000000000000000e+01
1.814300000000000000e+04 2.480000000000000000e+03
1.815300000000000000e+04 2.335000000000000000e+03
1.815800000000000000e+04 7.880000000000000000e+02
1.820100000000000000e+04 2.344000000000000000e+03
1.821400000000000000e+04 2.078000000000000000e+03
1.823100000000000000e+04 2.339000000000000000e+03
1.825800000000000000e+04 2.356000000000000000e+03
1.825900000000000000e+04 2.360000000000000000e+03
1.843200000000000000e+04 2.385000000000000000e+03
1.845400000000000000e+04 2.413000000000000000e+03
1.846600000000000000e+04 1.081000000000000000e+03
1.847400000000000000e+04 6.667000000000000000e+03
1.852100000000000000e+04 2.404000000000000000e+03
1.853800000000000000e+04 2.434000000000000000e+03
1.855500000000000000e+04 6.288000000000000000e+03
1.856700000000000000e+04 2.454000000000000000e+03
1.856800000000000000e+04 2.459000000000000000e+03
1.859100000000000000e+04 9.400000000000000000e+01
1.859200000000000000e+04 9.300000000000000000e+01
1.860500000000000000e+04 2.397000000000000000e+03
1.860700000000000000e+04 2.074000000000000000e+03
1.868700000000000000e+04 2.482000000000000000e+03
1.871300000000000000e+04 2.499000000000000000e+03
1.876400000000000000e+04 2.482000000000000000e+03
1.886600000000000000e+04 2.552000000000000000e+03
1.887200000000000000e+04 2.558000000000000000e+03
1.887700000000000000e+04 2.574000000000000000e+03
1.892300000000000000e+04 2.557000000000000000e+03
1.894900000000000000e+04 2.524000000000000000e+03
1.899700000000000000e+04 2.598000000000000000e+03
1.911100000000000000e+04 2.714000000000000000e+03
1.914100000000000000e+04 2.714000000000000000e+03
1.919800000000000000e+04 1.559000000000000000e+03
1.922400000000000000e+04 2.687000000000000000e+03
1.923600000000000000e+04 2.798000000000000000e+03
1.924700000000000000e+04 2.173000000000000000e+03
1.926900000000000000e+04 2.820000000000000000e+03
1.928200000000000000e+04 2.800000000000000000e+03
1.935400000000000000e+04 2.524000000000000000e+03
1.935800000000000000e+04 2.878000000000000000e+03
1.941300000000000000e+04 2.947000000000000000e+03
1.943100000000000000e+04 2.490000000000000000e+03
1.945200000000000000e+04 2.973000000000000000e+03
1.945300000000000000e+04 2.524000000000000000e+03
1.949600000000000000e+04 2.897000000000000000e+03
1.955600000000000000e+04 3.050000000000000000e+03
1.956000000000000000e+04 2.103000000000000000e+03
1.961600000000000000e+04 2.644000000000000000e+03
1.962700000000000000e+04 3.162000000000000000e+03
1.963600000000000000e+04 3.183000000000000000e+03
1.986800000000000000e+04 3.406000000000000000e+03
1.996800000000000000e+04 3.629000000000000000e+03
2.044900000000000000e+04 1.670000000000000000e+02
2.053400000000000000e+04 2.145000000000000000e+03
2.053500000000000000e+04 4.530000000000000000e+03
2.092200000000000000e+04 2.125000000000000000e+03
2.095200000000000000e+04 5.254000000000000000e+03
2.100800000000000000e+04 5.380000000000000000e+03
2.108300000000000000e+04 5.527000000000000000e+03
2.120500000000000000e+04 5.685000000000000000e+03
2.123400000000000000e+04 5.722000000000000000e+03
2.144200000000000000e+04 6.089000000000000000e+03
2.162300000000000000e+04 6.384000000000000000e+03
2.162400000000000000e+04 6.385000000000000000e+03
2.171300000000000000e+04 6.049000000000000000e+03
2.171500000000000000e+04 6.527000000000000000e+03
2.174800000000000000e+04 6.504000000000000000e+03
2.219400000000000000e+04 2.251000000000000000e+03
2.230600000000000000e+04 7.009000000000000000e+03
2.236100000000000000e+04 2.348000000000000000e+03
2.248300000000000000e+04 1.670000000000000000e+02
2.276400000000000000e+04 4.191000000000000000e+03
2.290500000000000000e+04 1.697000000000000000e+03
2.406000000000000000e+04 3.359000000000000000e+03
2.445900000000000000e+04 2.524000000000000000e+03
2.446800000000000000e+04 2.524000000000000000e+03
2.447700000000000000e+04 2.078000000000000000e+03
2.448700000000000000e+04 2.524000000000000000e+03
2.450300000000000000e+04 2.632000000000000000e+03
2.456600000000000000e+04 5.700000000000000000e+01
2.463900000000000000e+04 2.124000000000000000e+03
2.492000000000000000e+04 7.720000000000000000e+02
2.496400000000000000e+04 5.700000000000000000e+01
2.498700000000000000e+04 6.000000000000000000e+01
2.535900000000000000e+04 3.410000000000000000e+03
2.537600000000000000e+04 2.064000000000000000e+03
2.564100000000000000e+04 6.159000000000000000e+03
2.579700000000000000e+04 2.665000000000000000e+03
2.625600000000000000e+04 2.078000000000000000e+03
2.660400000000000000e+04 2.644000000000000000e+03
2.665500000000000000e+04 1.927000000000000000e+03
2.670400000000000000e+04 2.644000000000000000e+03
2.684200000000000000e+04 5.728000000000000000e+03
2.685700000000000000e+04 1.697000000000000000e+03
2.697800000000000000e+04 3.592000000000000000e+03
